% JSim data: Cin_vascular(time) units=dimensionless;
Cin_vascular = [ 0 .017974726662999947 .0451591813541228 .08585164702509264 .14549345378097525 .23056434153351607 .3482414709495423 .505774602907757 .7095763208653015 .9640934914714427 1.2706024542179286 1.6261359267873183 2.022781236288875 2.4475682303475272 2.8830841357402615 3.3088222196847057 3.7031192439473886 4.045401986836386 4.318383280131286 4.509845154608968 4.613702861912406 4.630256146937062 4.5655951549675615 4.43037490232812 4.238207987125906 4.003970925097385 3.742285295449721 3.4663514317797373 3.187213445989637 2.9134443857725727 2.6511761525055366 2.4043668694494715 2.1751957362713377 1.9644932123371162 1.7721420629956313 1.597413308190128 1.4392245622822182 1.2963241845090143 1.1674132317696353 1.0512200596870973 .9465416421835093 .8522631283663622 .7673641432783278 .6909176159944879 .6220847931717665 .5601086002229906 .5043065428647717 .4540637568741783 .4088264834221459 .36809607232593916 .3314235291221688 .2984045827909257 .26867523570771473 .24190775337226364 .2178070523014897 .1961074474502694 .17656972324397585 .1589784965936098 .14313984252125594 .12887915633889244 .1160392288133066 .10447851309780426 .09406956432544207 .0846976346619205 .07625940833005374 .068661862660782 .061821242614993326 .05566213747132753 .05011664950140546 .04512364546799025 .040628082694629815 .03658040227739599 .03293598274951301 .029654648176095498 .026700225256251237 .024040144550061628 .021645081434380396 .019488632829362796 .017547026131971222 .01579885714775137 .014224854131850227 .012807665338072647 .011531667733926467 .01038279477293803 .009348381325607565 .008417024059528702 .007578455729508941 .006823431991869924 .0061436294951729776 .005531554123926407 .004980458383756379 .004484267017299318 .004037510030808076 .0036352623931599545 .00327308974251097 .0029469995020684446 .002653396866084422 .0023890451708610786 .002151030213899798 .0019367281278495647 .0017437764550983707 .0015700481041351596 .001413627900578199 .0012727914743694332 .0011459862503880335 .0010318143329244508 9.290170953341209E-4 8.364613049877446E-4 7.53126630560188E-4 6.780943939388244E-4 6.105374427528156E-4 5.497110318785164E-4 4.949446133990593E-4 4.456344445109864E-4 4.012369318877676E-4 3.6126263912874016E-4 3.2527089123183834E-4 2.928649166100199E-4 2.63687473097188E-4 2.3741690972486223E-4 2.1376362085478407E-4 1.924668535779649E-4 1.7329183318506026E-4 1.560271750193809E-4 1.4048255418090493E-4 1.2648660739220246E-4 1.1388504389653133E-4 1.0253894456271418E-4 9.232323044620252E-5 8.312528392380222E-5 7.484370720150585E-5 6.738720450927429E-5 6.067357566012419E-5 5.462880987856033E-5 4.918626990875104E-5 4.428595740808889E-5 3.98738515278657E-5 3.590131338959993E-5 3.2324549891989213E-5 2.9104130937515697E-5 2.6204554756630267E-5 2.359385653766749E-5 2.1243256048042E-5 1.912684036211766E-5 1.7221278198153306E-5 1.5505562715187253E-5 1.3960779934464269E-5 1.256990023249124E-5 1.1317590607150141E-5 1.019004564729688E-5 9.174835342461734E-6 8.260768054911995E-6 7.437767143485823E-6 6.696759879103819E-6 6.0295774273670865E-6 5.428864795653975E-6 4.88799975197612E-6 4.4010198217582255E-6 0 0 0 0 0 0 0 0 0 0 0 0 0 0 0 0 0 0 0 0 0 0 0 0 0 0 0 0 0 0 0 0 0 0 0 0 0 0 0 0 0 0 0 0 0 0 0 0 0 0 0 0 0 0 0 0 0 0 0 0 0 0 0 0 0 0 0 0 0 0 0 0 0 0 0 0 0 0 0 0 0 0 0 0 0 0 0 0 0 0 0 0 0 0 0 0 0 0 0 0 0 0 0 0 0 0 0 0 0 0 0 0 0 0 0 0 0 0 0 0 0 0 0 0 0 0 0 0 0 0 0 0 0 0 0 0 0 0 0 0 0 0 0 0 0 0 0 0 0 0 0 0 0 0 0 0 0 0 0 0 0 0 0 0 0 0 0 0 0 0 0 0 0 0 0 0 0 0 0 0 0 0 0 0 0 0 0 0 0 0 0 0 0 0 0 0 0 0 0 0 0 0 0 0 0 0 0 0 0 0 0 0 0 0 0 0 0 0 0 0 0 0 0 0 0 0 0 0 0 0 0 0 0 0 0 0 0 0 0 0 0 0 0 ];
Cin_vascular__1 = 0:.1:40;

% JSim data: Cout_v(time) units=dimensionless;
Cout_v = [ 0 0 0 0 0 0 7.1844174064065185E-31 3.913919970618661E-24 1.0545746308953864E-19 1.0411618873366717E-15 4.289146891389012E-13 4.912879825180738E-11 9.247825283331679E-10 8.232155401799446E-9 5.2729937749518285E-8 2.384871038429992E-7 8.669322824061965E-7 2.7142439193994505E-6 7.4476192821748555E-6 1.8173319404013455E-5 4.146396167925559E-5 8.725217048777267E-5 1.7301067418884486E-4 3.279804368503392E-4 5.814465694129467E-4 .0010046004317700863 .001669759047217667 .002678291406482458 .004220610950142145 .0064097242429852486 .009502645581960678 .013798567466437817 .019492488354444504 .027270274236798286 .03719671443104744 .05008768290281296 .06628832966089249 .08597967028617859 .10981334745883942 .13904006779193878 .17219096422195435 .21181626617908478 .2569925785064697 .30758485198020935 .3632098436355591 .42606842517852783 .49274903535842896 .5637493133544922 .6404426693916321 .7203704714775085 .8008431196212769 .8843464255332947 .9697192311286926 1.0519335269927979 1.1342140436172485 1.2160297632217407 1.2925138473510742 1.3626266717910767 1.4337841272354126 1.4941240549087524 1.550437331199646 1.5994032621383667 1.6449936628341675 1.6784818172454834 1.707411527633667 1.7296092510223389 1.7436848878860474 1.7501842975616455 1.751121163368225 1.7460936307907104 1.7348686456680298 1.718385100364685 1.695866346359253 1.670750617980957 1.6396926641464233 1.605525255203247 1.5681506395339966 1.5289071798324585 1.4858318567276 1.442827820777893 1.397515058517456 1.3504612445831299 1.3027726411819458 1.2559000253677368 1.2083524465560913 1.1607444286346436 1.1134531497955322 1.066458821296692 1.0221023559570312 .9748812913894653 .9319802522659302 .8890684247016907 .8476553559303284 .8069988489151001 .769324541091919 .7310222387313843 .6948549747467041 .6592124104499817 .6266409158706665 .5938347578048706 .5639022588729858 .5347445607185364 .5075409412384033 .48041200637817383 .4554506540298462 .43201181292533875 .4083523452281952 .38695597648620605 .3664740324020386 .34714487195014954 .32875025272369385 .31184831261634827 .2956565320491791 .2794033885002136 .2650308609008789 .25094953179359436 .23833544552326202 .22550144791603088 .2141471803188324 .20333226025104523 .19290941953659058 .18356141448020935 .1745021492242813 .16527506709098816 .15729065239429474 .1500510275363922 .14260058104991913 .13590171933174133 .12949317693710327 .12330112606287003 .11805863678455353 .11269271373748779 .10749012231826782 .10272889584302902 .09831266850233078 .09412474185228348 .09042254090309143 .08649919182062149 .08292658627033234 .07988327741622925 .0766705647110939 .0737755298614502 .07106582075357437 .06828811764717102 .06586920469999313 .06387290358543396 .061326947063207626 .05946642532944679 .05740329623222351 .055607520043849945 .05380352586507797 .05244014412164688 .05048234388232231 .04922296479344368 .04790971428155899 .0464232973754406 .04531189054250717 .044142648577690125 .042904701083898544 .04186409339308739 .04110357165336609 .03980341553688049 .03919097036123276 .03812506049871445 .037424638867378235 .0365811325609684 .035987962037324905 .03512909263372421 .03451530635356903 .03397558256983757 .03324415907263756 .03277086839079857 .032173097133636475 .03167350962758064 .031192801892757416 .03072841838002205 .030214408412575722 .029868153855204582 .02937150001525879 .029070278629660606 .028594376519322395 .028376467525959015 .027874965220689774 .027669008821249008 .027278080582618713 .02700617164373398 .026773428544402122 .02639005146920681 .02623816579580307 .02587554231286049 .02572658844292164 .02541377767920494 .02525271289050579 .024992814287543297 .02479206584393978 .024634702131152153 .02437014691531658 .024216463789343834 .02407306618988514 .023850155994296074 .02372879534959793 .02352307364344597 .023410513997077942 .023232711479067802 .02310134656727314 .022971341386437416 .022797252982854843 .02275346964597702 .02252626046538353 .0224587544798851 .022331593558192253 .022227155044674873 .022104190662503242 .021988090127706528 .021932389587163925 .021766765043139458 .021716779097914696 .021604666486382484 .02149995230138302 .021440738812088966 .021342452615499496 .021245766431093216 .021166764199733734 .021107153967022896 .021001219749450684 .020931122824549675 