% JSim data: Cin_vascular(time) units=dimensionless;
Cin_vascular = [ 0 1.9932370698884654E-70 2.4099051437815696E-67 2.4820422556847602E-64 2.1789103353676392E-61 1.630427040731596E-58 1.0399361897551004E-55 5.654154637077041E-53 2.620581353411903E-50 1.0354066197148261E-47 3.487570987131787E-45 1.001499584804983E-42 2.4519536799705548E-40 5.118317755803245E-38 9.10997463075005E-36 1.3826281427977224E-33 1.7894411288718043E-31 1.975063744200448E-29 1.8592040343903424E-27 1.4927558561387188E-25 1.022358600855391E-23 5.973257600588872E-22 2.977541869281901E-20 1.2664651183935403E-18 4.5969847177581807E-17 1.4241627570948396E-15 3.766367736506159E-14 8.504345402714316E-13 1.639845368071211E-11 2.700906386208333E-10 3.800807171124863E-9 4.571238513228771E-8 4.700415539222042E-7 4.133905018442194E-6 3.111106063036366E-5 2.004682224978854E-4 .0011067431993709632 .0052393074459577416 .021289237061833624 .07434317846760528 .22345349086993005 .5792251272247366 1.2981092204201612 2.5234307007389183 4.273026312535796 6.338286770355329 8.296378684021441 9.674725252423764 10.174987865132248 9.797691741868222 8.790629524248743 7.487408617976072 6.162219264217017 4.971803426238255 3.971807967815829 3.1596317131489626 2.5097405269619655 1.9926092461360299 1.5818466605595654 1.255727842910625 .9968380808674677 .7913222860006619 .6281771442926066 .49866726518296556 .39585814822954385 .3142449574016325 .24945777595840352 .198027623102249 .15720071006351613 .124790990556473 .09906311057865873 .07863949018882561 .06242656202732477 .049556217076102124 .039339322415653875 .031228822122281678 .024790445570995523 .019679454742226658 .015622185484413492 .01240139437327748 .009844626576416087 .007814981889287703 .006203784516947001 .0049247641105178395 .003909436486388502 .0031034366922192743 .00246360807654666 .0019556914984097023 .0015524909474697083 .0012324173541355139 9.783326191047026E-4 7.766319667541963E-4 6.165154876839929E-4 4.894098657086657E-4 3.8850932610430544E-4 3.084112255306931E-4 2.4482677156585875E-4 1.9435138254847876E-4 1.5428239181900137E-4 1.2247433547046967E-4 9.722407510074492E-5 7.717960455049353E-5 6.126765775244587E-5 4.863624150879147E-5 3.860901615758385E-5 3.064908147532578E-5 2.4330228759186997E-5 1.931411980326158E-5 1.5332170834352837E-5 1.2171171396279914E-5 9.661868156706798E-6 1.7110065534536867E-19 0 0 0 0 0 0 0 0 0 0 0 0 0 0 0 0 0 0 0 0 0 0 0 0 0 0 0 0 0 0 0 0 0 0 0 0 0 0 0 0 0 0 0 0 0 0 0 0 0 0 0 0 0 0 0 0 0 0 0 0 0 0 0 0 0 0 0 0 0 0 0 0 0 0 0 0 0 0 0 0 0 0 0 0 0 0 0 0 0 0 0 0 0 0 0 0 0 0 0 0 0 0 0 0 0 0 0 0 0 0 0 0 0 0 0 0 0 0 0 0 0 0 0 0 0 0 0 0 0 0 0 0 0 0 0 0 0 0 0 0 0 0 0 0 0 0 0 0 0 0 0 0 0 0 0 0 0 0 0 0 0 0 0 0 0 0 0 0 0 0 0 0 0 0 0 0 0 0 0 0 0 0 0 0 0 0 0 0 0 0 0 0 0 0 0 0 0 0 0 0 0 0 0 0 0 0 0 0 0 0 0 0 0 0 0 0 0 0 0 0 0 0 0 0 0 0 0 0 0 0 0 0 0 0 0 0 0 0 0 0 0 0 0 0 0 0 0 0 0 0 0 0 0 0 0 0 0 0 0 0 0 0 0 0 0 0 0 0 0 0 0 0 0 0 0 0 0 0 0 0 0 0 0 0 0 0 0 0 0 ];
Cin_vascular__1 = 0:.1:40;

% JSim data: Cout_v(time) units=dimensionless;
Cout_v = [ 0 0 0 0 0 0 0 0 0 0 0 0 0 0 0 1.14906474074635E-43 2.0443543296034756E-41 3.143130672360601E-39 4.127906452474308E-37 4.633359068503601E-35 4.446747090340907E-33 3.650646524063428E-31 2.5652128986243054E-29 1.5436895690632317E-27 7.961320457256118E-26 3.521515312812763E-24 1.3371211276157875E-22 4.36251823886199E-21 1.2242903791001881E-19 2.9589003245379223E-18 6.166466692204801E-17 1.1097434980978922E-15 1.7273385345228758E-14 2.3293194630069625E-13 2.726344974432471E-12 2.7752243211831562E-11 2.462216541765372E-10 1.9085548697006516E-9 1.295821672187003E-8 7.727967954451742E-8 4.060691196627886E-7 1.88633657671744E-6 7.775715857860632E-6 2.8558353733387776E-5 9.386917372466996E-5 2.7747172862291336E-4 7.415049476549029E-4 .0018016238464042544 .004003741312772036 .008189423941075802 .015518738888204098 .027423838153481483 .04549085721373558 .07128127664327621 .10615275800228119 .15108849108219147 .20661011338233948 .27272865176200867 .34891897439956665 .43428003787994385 .527505099773407 .6270984411239624 .7313299179077148 .8384562134742737 .9467499852180481 1.054470181465149 1.1601502895355225 1.262306571006775 1.3597452640533447 1.4513320922851562 1.5363435745239258 1.614163875579834 1.6840827465057373 1.7460094690322876 1.7996597290039062 1.8450947999954224 1.8822981119155884 1.9115849733352661 1.9333038330078125 1.9474815130233765 1.9547884464263916 1.9556185007095337 1.950392723083496 1.9395757913589478 1.9236057996749878 1.9032307863235474 1.8785470724105835 1.8502280712127686 1.8187694549560547 1.7844593524932861 1.7477596998214722 1.7090288400650024 1.6687332391738892 1.627022385597229 1.5842742919921875 1.540850043296814 1.49690580368042 1.4526236057281494 1.408300518989563 1.36410391330719 1.3201904296875 1.2766575813293457 1.2336976528167725 1.1913535594940186 1.1497435569763184 1.108987808227539 1.0691169500350952 1.030151128768921 .9921804070472717 .9551935195922852 .9192984104156494 .884393036365509 .8505994081497192 .8178117275238037 .7861252427101135 .7555057406425476 .7259169816970825 .6973665356636047 .669817328453064 .6432937383651733 .6177335381507874 .5931419730186462 .5695117712020874 .5467220544815063 .5248574018478394 .5038408041000366 .4837019145488739 .46429750323295593 .44570568203926086 .4278847873210907 .4107503592967987 .39432767033576965 .37858912348747253 .36352357268333435 .3490249812602997 .3351617455482483 .3219134509563446 .3091498613357544 .29695776104927063 .28526437282562256 .2740994393825531 .2633551061153412 .2530747056007385 .24327728152275085 .2338097095489502 .22477883100509644 .21613809466362 .20786860585212708 .19991302490234375 .1922854483127594 .1850387006998062 .17803019285202026 .17133253812789917 .16492897272109985 .15878957509994507 .15288330614566803 .14722266793251038 .1418415904045105 .13663895428180695 .1316477507352829 .12688840925693512 .1223221868276596 .11792377382516861 .1136891096830368 .10967504233121872 .10577882081270218 .10205069184303284 .09848204255104065 .09506198018789291 .09175516664981842 .0885872021317482 .08557049930095673 .08265625685453415 .07983554899692535 .07715967297554016 .07457029074430466 .07208383828401566 .0696711465716362 .06739384680986404 .06517154723405838 .06303863227367401 .06099185720086098 .059033360332250595 .057127781212329865 .055306244641542435 .05356260761618614 .05188017338514328 .0502413846552372 .048685718327760696 .04717837646603584 .04572303593158722 .04430927708745003 .042970821261405945 .04166503623127937 .04040371626615524 .039193712174892426 .03802912309765816 .03689661994576454 .03580324351787567 .0347604900598526 .033750809729099274 .032770488411188126 .031835127621889114 .03093086928129196 .030051294714212418 .029198918491601944 .02838294394314289 .027593739330768585 .026820631697773933 .026084333658218384 .02536744251847267 .024674702435731888 .023998238146305084 .023355942219495773 .022727521136403084 .02211838960647583 .0215287022292614 .020965158939361572 .02040892466902733 .019876563921570778 .01935761049389839 .01886330358684063 .018374841660261154 .017914840951561928 .017459817230701447 .017026027664542198 .01659337244927883 .01618867553770542 .015784071758389473 .015399307943880558 .015017609111964703 .01465876866132021 .014297906309366226 .013956278562545776 .013618603348731995 .013299111276865005 .012977400794625282 .01267493236809969 .012374482117593288 .01208855863660574 .0118036437779665 .011534200049936771 .011267474852502346 .011010107584297657 .010758304968476295 .010517310351133347 .010278659872710705 .010048842057585716 .00982582662254572 .00961238518357277 .009401628747582436 .009197421371936798 .0089995376765728 .008805093355476856 .008616971783339977 .008433239534497261 .00825565680861473 .008079908788204193 .007910769432783127 .007745286915451288 .007584965322166681 .007426452822983265 .007274288218468428 .0071244859136641026 .006979352328926325 .0068368627689778805 .006699367891997099 .006563976407051086 .006432344205677509 .006304051727056503 