% JSim data: Cin_vascular(time) units=dimensionless;
Cin_vascular = [ 0 1.9932370698884654E-70 2.4099051437815696E-67 2.4820422556847602E-64 2.1789103353676392E-61 1.630427040731596E-58 1.0399361897551004E-55 5.654154637077041E-53 2.620581353411903E-50 1.0354066197148261E-47 3.487570987131787E-45 1.001499584804983E-42 2.4519536799705548E-40 5.118317755803245E-38 9.10997463075005E-36 1.3826281427977224E-33 1.7894411288718043E-31 1.975063744200448E-29 1.8592040343903424E-27 1.4927558561387188E-25 1.022358600855391E-23 5.973257600588872E-22 2.977541869281901E-20 1.2664651183935403E-18 4.5969847177581807E-17 1.4241627570948396E-15 3.766367736506159E-14 8.504345402714316E-13 1.639845368071211E-11 2.700906386208333E-10 3.800807171124863E-9 4.571238513228771E-8 4.700415539222042E-7 4.133905018442194E-6 3.111106063036366E-5 2.004682224978854E-4 .0011067431993709632 .0052393074459577416 .021289237061833624 .07434317846760528 .22345349086993005 .5792251272247366 1.2981092204201612 2.5234307007389183 4.273026312535796 6.338286770355329 8.296378684021441 9.674725252423764 10.174987865132248 9.797691741868222 8.790629524248743 7.487408617976072 6.162219264217017 4.971803426238255 3.971807967815829 3.1596317131489626 2.5097405269619655 1.9926092461360299 1.5818466605595654 1.255727842910625 .9968380808674677 .7913222860006619 .6281771442926066 .49866726518296556 .39585814822954385 .3142449574016325 .24945777595840352 .198027623102249 .15720071006351613 .124790990556473 .09906311057865873 .07863949018882561 .06242656202732477 .049556217076102124 .039339322415653875 .031228822122281678 .024790445570995523 .019679454742226658 .015622185484413492 .01240139437327748 .009844626576416087 .007814981889287703 .006203784516947001 .0049247641105178395 .003909436486388502 .0031034366922192743 .00246360807654666 .0019556914984097023 .0015524909474697083 .0012324173541355139 9.783326191047026E-4 7.766319667541963E-4 6.165154876839929E-4 4.894098657086657E-4 3.8850932610430544E-4 3.084112255306931E-4 2.4482677156585875E-4 1.9435138254847876E-4 1.5428239181900137E-4 1.2247433547046967E-4 9.722407510074492E-5 7.717960455049353E-5 6.126765775244587E-5 4.863624150879147E-5 3.860901615758385E-5 3.064908147532578E-5 2.4330228759186997E-5 1.931411980326158E-5 1.5332170834352837E-5 1.2171171396279914E-5 9.661868156706798E-6 1.7110065534536867E-19 0 0 0 0 0 0 0 0 0 0 0 0 0 0 0 0 0 0 0 0 0 0 0 0 0 0 0 0 0 0 0 0 0 0 0 0 0 0 0 0 0 0 0 0 0 0 0 0 0 0 0 0 0 0 0 0 0 0 0 0 0 0 0 0 0 0 0 0 0 0 0 0 0 0 0 0 0 0 0 0 0 0 0 0 0 0 0 0 0 0 0 0 0 0 0 0 0 0 0 0 0 0 0 0 0 0 0 0 0 0 0 0 0 0 0 0 0 0 0 0 0 0 0 0 0 0 0 0 0 0 0 0 0 0 0 0 0 0 0 0 0 0 0 0 0 0 0 0 0 0 0 0 0 0 0 0 0 0 0 0 0 0 0 0 0 0 0 0 0 0 0 0 0 0 0 0 0 0 0 0 0 0 0 0 0 0 0 0 0 0 0 0 0 0 0 0 0 0 0 0 0 0 0 0 0 0 0 0 0 0 0 0 0 0 0 0 0 0 0 0 0 0 0 0 0 0 0 0 0 0 0 0 0 0 0 0 0 0 0 0 0 0 0 0 0 0 0 0 0 0 0 0 0 0 0 0 0 0 0 0 0 0 0 0 0 0 0 0 0 0 0 0 0 0 0 0 0 0 0 0 0 0 0 0 0 0 0 0 0 ];
Cin_vascular__1 = 0:.1:40;

% JSim data: Cout_v(time) units=dimensionless;
Cout_v = [ 0 0 0 0 0 0 0 0 0 0 0 0 0 0 0 0 0 0 0 0 0 1.401298464324817E-45 1.4433374182545616E-43 2.328958047707846E-41 2.3379249565810605E-39 2.8759695888649444E-37 2.170693094291287E-35 1.9965367472533458E-33 1.1658410736638998E-31 7.341886441563576E-30 3.2401342235172885E-28 1.4909703761014405E-26 5.119531753332955E-25 1.7277678877804914E-23 4.346877537870384E-22 1.0561568076873501E-20 2.0584423147594479E-19 3.760378367507396E-18 5.65309259601928E-17 7.524716713304879E-16 8.393007222919947E-15 8.423773831256476E-14 7.353804522790275E-13 5.70661747023582E-12 3.8333888147112916E-11 2.2530613486004825E-10 1.1824262680093511E-9 5.516278100969885E-9 2.3212898270230653E-8 8.662050277052913E-8 2.9137700607861916E-7 8.860771458785166E-7 2.4734831640671473E-6 6.338231742120115E-6 1.49113920997479E-5 3.242660022806376E-5 6.58041681163013E-5 1.2572445848491043E-4 2.2636624635197222E-4 3.8669153582304716E-4 6.304009002633393E-4 9.798725368455052E-4 .0014720992185175419 .0021325128618627787 .00300783128477633 .004107737448066473 .005478622391819954 .00715140113607049 .009154600091278553 .01150477770715952 .014214517548680305 .017345910891890526 .02084992080926895 .024797549471259117 .02913426049053669 .033942751586437225 .039153534919023514 .044760867953300476 .05081671476364136 .057295795530080795 .06418532878160477 .07138700038194656 .07903445512056351 .08703308552503586 .0953868180513382 .1040048599243164 .11298619955778122 .12226472795009613 .13173989951610565 .14146125316619873 .15145456790924072 .16169680655002594 .17195378243923187 .18248113989830017 .1931208223104477 .20395982265472412 .2147003412246704 .2256464660167694 .23661816120147705 .24765092134475708 .258584201335907 .2696206569671631 .28062883019447327 .2915209233760834 .3023829758167267 .31316453218460083 .323921799659729 .3344874680042267 .3449844419956207 .35528564453125 .3655121326446533 .3755420744419098 .3854537904262543 .3951088488101959 .40462726354599 .41399240493774414 .42310765385627747 .4319380521774292 .4406619071960449 .4491499662399292 .45737162232398987 .46528205275535583 .4731299877166748 .4806198179721832 .48789671063423157 .4948338568210602 .5017605423927307 .5081636905670166 .5144689083099365 .5203999876976013 .5263381600379944 .5317094326019287 .5369796752929688 .5419690608978271 .5467803478240967 .5511739253997803 .5554470419883728 .5594783425331116 .5632368922233582 .5666658282279968 .5699921250343323 .5730675458908081 .575821042060852 .5783487558364868 .5807559490203857 .5828883051872253 .5847303867340088 .5864238142967224 .5879693031311035 .5892158150672913 .5902039408683777 .5911234021186829 .5917982459068298 .5922741293907166 .5924857258796692 .5927006602287292 .5926046371459961 .5923585295677185 .5918822288513184 .5914314389228821 .5906304121017456 .5897687673568726 .5886809229850769 .587608277797699 .5862224102020264 .5847804546356201 .5831483602523804 .5815053582191467 .5795938372612 .577644407749176 .5755597352981567 .5734013319015503 .5710940361022949 .5686694979667664 .5662087798118591 .5636097192764282 .5609340071678162 .558116614818573 .5553009510040283 .5523707270622253 .549371063709259 .5462530255317688 .5431370735168457 .5399039387702942 .5366233587265015 .5332680940628052 .5298900008201599 .5264513492584229 .5229185819625854 .5193870663642883 .5158156156539917 .5121790170669556 .5084865093231201 .5047778487205505 .5010696053504944 .4972834289073944 .49348878860473633 .4896669387817383 .48581749200820923 .481929212808609 .47803473472595215 .4741428792476654 .47019585967063904 .4662649631500244 .46232298016548157 .4583868682384491 .4543795883655548 .45045509934425354 .4464443325996399 .44247421622276306 .4384714961051941 .43454065918922424 .43056201934814453 .4265293776988983 .4225894808769226 .41864702105522156 .4146871864795685 .41068127751350403 .40679317712783813 .40286117792129517 .3989291489124298 .3949980139732361 .39116862416267395 .3872680068016052 .3833833634853363 .3795393109321594 .37575557827949524 .3719159960746765 .3681062161922455 .36436474323272705 .3606387674808502 .3568427860736847 .3531595766544342 .34946852922439575 .3458249568939209 .3421321511268616 .3385485112667084 .33495989441871643 .331369549036026 .32781460881233215 .3243137300014496 .32081928849220276 .3173102140426636 .3138820230960846 .31047186255455017 .3070792853832245 .30369678139686584 .3003837466239929 .2970496714115143 .29375869035720825 .2904910445213318 .2872972786426544 .2840525209903717 .2809012830257416 .27773770689964294 .2746630609035492 .27150416374206543 .2684910297393799 .2654307186603546 .26245731115341187 .25942280888557434 .2565115988254547 .2535867691040039 .25068575143814087 .2478029876947403 .2449854016304016 .24217946827411652 .23937827348709106 .23661938309669495 .23391275107860565 .23121434450149536 .22852689027786255 .22589167952537537 .22327223420143127 .22068500518798828 .2181107997894287 .21559762954711914 .2130769044160843 .21058660745620728 .20812585949897766 .20573148131370544 