% JSim data: Cin_vascular(time) units=dimensionless;
Cin_vascular = [ 0 3.1006093355782345E-15 1.8266565729229708E-14 9.076616612278334E-14 4.247685426670207E-13 1.903988163406498E-12 8.198870710755428E-12 3.3936906894392707E-11 1.3504503798853577E-10 5.166509166807463E-10 1.900403381565894E-9 6.721123552104744E-9 2.2856192634274048E-8 7.473974010155626E-8 2.3502077935253367E-7 7.107075545015385E-7 2.0669525313849986E-6 5.7816527467077455E-6 1.55555304827396E-5 4.0258816754516064E-5 1.002341123291271E-4 2.4009703555614488E-4 5.533716056492907E-4 .0012273040182594823 .0026196537512116836 .005382063887061028 .010644618645637312 .020270197924488597 .03717158963441281 .06565650499508177 .1117267466390798 .18321515472813515 .28961256673361624 .4414375905420401 .6490546172051457 .9209594772228238 1.2617153639673626 1.6698954175737948 2.13651317929377 2.6444361727515386 3.169143419332518 3.6809144082946395 4.14818938671707 4.5415221286958705 4.837362678345653 5.020910428551753 5.087493987395638 5.042334854944349 4.898845923730503 4.675993210561655 4.39531480949405 4.07818115181662 3.7437043493351005 3.4074767112458617 3.081109665314588 2.7724015475544843 2.485901739910463 2.223647724329258 1.9859040053106232 1.7717989324171262 1.5798158736006496 1.408138087104437 1.2548702770051083 1.1181680073541713 .9963046338055012 .8876993924175214 .7909233388038099 .7046938407597708 .6278639282219994 .559409922482395 .49841904580535235 .44407776583328 .39566114726449453 .35252325728440165 .31408857553133473 .27984432527111125 .24933363527862967 .22214944542717177 .1979290762293309 .17634939012188264 .15712248037942117 .13999182998885912 .12472888931173245 .1111300268749714 .09901381260893032 .08821859728681807 .07860035587147825 .07003076599639133 .06239549594483359 .05559267928616359 .04953155581849563 .04413126068581778 .03931974551448204 .03503281717534227 .031213281347126896 .027810179454840867 .024778108802765937 .022076616831569404 .019669661417966146 .017525130016487346 .015614411227956116 .013912013078724687 .012395222917921108 .01104380439520408 .009839727476235252 .00876692789385372 .007811092825655917 .006959469938584538 .006200697252883385 .005524651555537227 .004922313340795179 .004385646475873384 .003907490986389224 .0034814675311174827 .003101892291612302 .0027637011411895695 .0024623820815655854 .00219391504575109 .0019547182640773267 .001741600477793062 .0015517183626872957 .0013825385947023418 .0012318040514332125 .0010975036985885766 9.778457596515834E-4 8.712338107819245E-4 7.762454820278125E-4 6.916134806887259E-4 6.162086836509733E-4 5.490250731213891E-4 4.891663147783207E-4 4.358337992714918E-4 3.88315987525642E-4 3.459789176976698E-4 3.082577471352423E-4 2.7464921649338677E-4 2.4470493546861923E-4 2.1802540057179747E-4 1.9425466512745714E-4 1.7307559038908497E-4 1.5420561441279013E-4 1.3739298223954408E-4 1.224133870907229E-4 1.0906697776526009E-4 9.717569231240785E-5 8.658088240713654E-5 7.714119673363279E-5 6.873069513792028E-5 6.123716838945734E-5 5.456064113470324E-5 4.8612038069715384E-5 4.331199553643801E-5 3.8589802687517825E-5 3.438245809313327E-5 3.063382920349693E-5 2.7293903452948335E-5 2.4318121014196548E-5 2.166678030061052E-5 1.9304508285030147E-5 1.719978856832262E-5 1.532454090138144E-5 1.3653746550735376E-5 1.2165114509558507E-5 1.0838784100815196E-5 9.657060004801247E-6 8.604176175934434E-6 7.666085499076454E-6 6.830272379071532E-6 6.085585763154847E-6 5.422090368487964E-6 4.830934129964315E-6 0 0 0 0 0 0 0 0 0 0 0 0 0 0 0 0 0 0 0 0 0 0 0 0 0 0 0 0 0 0 0 0 0 0 0 0 0 0 0 0 0 0 0 0 0 0 0 0 0 0 0 0 0 0 0 0 0 0 0 0 0 0 0 0 0 0 0 0 0 0 0 0 0 0 0 0 0 0 0 0 0 0 0 0 0 0 0 0 0 0 0 0 0 0 0 0 0 0 0 0 0 0 0 0 0 0 0 0 0 0 0 0 0 0 0 0 0 0 0 0 0 0 0 0 0 0 0 0 0 0 0 0 0 0 0 0 0 0 0 0 0 0 0 0 0 0 0 0 0 0 0 0 0 0 0 0 0 0 0 0 0 0 0 0 0 0 0 0 0 0 0 0 0 0 0 0 0 0 0 0 0 0 0 0 0 0 0 0 0 0 0 0 0 0 0 0 0 0 0 0 0 0 0 0 0 0 0 0 0 0 0 0 0 0 0 0 0 0 0 0 0 0 0 0 0 0 0 0 0 0 ];
Cin_vascular__1 = 0:.1:40;

% JSim data: Cout_v(time) units=dimensionless;
