% JSim data: Cin_vascular(time) units=dimensionless;
Cin_vascular = [ 0 .017974726662999947 .0451591813541228 .08585164702509264 .14549345378097525 .23056434153351607 .3482414709495423 .505774602907757 .7095763208653015 .9640934914714427 1.2706024542179286 1.6261359267873183 2.022781236288875 2.4475682303475272 2.8830841357402615 3.3088222196847057 3.7031192439473886 4.045401986836386 4.318383280131286 4.509845154608968 4.613702861912406 4.630256146937062 4.5655951549675615 4.43037490232812 4.238207987125906 4.003970925097385 3.742285295449721 3.4663514317797373 3.187213445989637 2.9134443857725727 2.6511761525055366 2.4043668694494715 2.1751957362713377 1.9644932123371162 1.7721420629956313 1.597413308190128 1.4392245622822182 1.2963241845090143 1.1674132317696353 1.0512200596870973 .9465416421835093 .8522631283663622 .7673641432783278 .6909176159944879 .6220847931717665 .5601086002229906 .5043065428647717 .4540637568741783 .4088264834221459 .36809607232593916 .3314235291221688 .2984045827909257 .26867523570771473 .24190775337226364 .2178070523014897 .1961074474502694 .17656972324397585 .1589784965936098 .14313984252125594 .12887915633889244 .1160392288133066 .10447851309780426 .09406956432544207 .0846976346619205 .07625940833005374 .068661862660782 .061821242614993326 .05566213747132753 .05011664950140546 .04512364546799025 .040628082694629815 .03658040227739599 .03293598274951301 .029654648176095498 .026700225256251237 .024040144550061628 .021645081434380396 .019488632829362796 .017547026131971222 .01579885714775137 .014224854131850227 .012807665338072647 .011531667733926467 .01038279477293803 .009348381325607565 .008417024059528702 .007578455729508941 .006823431991869924 .0061436294951729776 .005531554123926407 .004980458383756379 .004484267017299318 .004037510030808076 .0036352623931599545 .00327308974251097 .0029469995020684446 .002653396866084422 .0023890451708610786 .002151030213899798 .0019367281278495647 .0017437764550983707 .0015700481041351596 .001413627900578199 .0012727914743694332 .0011459862503880335 .0010318143329244508 9.290170953341209E-4 8.364613049877446E-4 7.53126630560188E-4 6.780943939388244E-4 6.105374427528156E-4 5.497110318785164E-4 4.949446133990593E-4 4.456344445109864E-4 4.012369318877676E-4 3.6126263912874016E-4 3.2527089123183834E-4 2.928649166100199E-4 2.63687473097188E-4 2.3741690972486223E-4 2.1376362085478407E-4 1.924668535779649E-4 1.7329183318506026E-4 1.560271750193809E-4 1.4048255418090493E-4 1.2648660739220246E-4 1.1388504389653133E-4 1.0253894456271418E-4 9.232323044620252E-5 8.312528392380222E-5 7.484370720150585E-5 6.738720450927429E-5 6.067357566012419E-5 5.462880987856033E-5 4.918626990875104E-5 4.428595740808889E-5 3.98738515278657E-5 3.590131338959993E-5 3.2324549891989213E-5 2.9104130937515697E-5 2.6204554756630267E-5 2.359385653766749E-5 2.1243256048042E-5 1.912684036211766E-5 1.7221278198153306E-5 1.5505562715187253E-5 1.3960779934464269E-5 1.256990023249124E-5 1.1317590607150141E-5 1.019004564729688E-5 9.174835342461734E-6 8.260768054911995E-6 7.437767143485823E-6 6.696759879103819E-6 6.0295774273670865E-6 5.428864795653975E-6 4.88799975197612E-6 4.4010198217582255E-6 0 0 0 0 0 0 0 0 0 0 0 0 0 0 0 0 0 0 0 0 0 0 0 0 0 0 0 0 0 0 0 0 0 0 0 0 0 0 0 0 0 0 0 0 0 0 0 0 0 0 0 0 0 0 0 0 0 0 0 0 0 0 0 0 0 0 0 0 0 0 0 0 0 0 0 0 0 0 0 0 0 0 0 0 0 0 0 0 0 0 0 0 0 0 0 0 0 0 0 0 0 0 0 0 0 0 0 0 0 0 0 0 0 0 0 0 0 0 0 0 0 0 0 0 0 0 0 0 0 0 0 0 0 0 0 0 0 0 0 0 0 0 0 0 0 0 0 0 0 0 0 0 0 0 0 0 0 0 0 0 0 0 0 0 0 0 0 0 0 0 0 0 0 0 0 0 0 0 0 0 0 0 0 0 0 0 0 0 0 0 0 0 0 0 0 0 0 0 0 0 0 0 0 0 0 0 0 0 0 0 0 0 0 0 0 0 0 0 0 0 0 0 0 0 0 0 0 0 0 0 0 0 0 0 0 0 0 0 0 0 0 0 0 ];
Cin_vascular__1 = 0:.1:40;

% JSim data: Cout_v(time) units=dimensionless;
Cout_v = [ 0 0 0 0 8.136566988441072E-35 2.638016500286378E-23 3.712914290664128E-15 2.257191100696332E-9 5.282407187223725E-7 5.8172904573439155E-6 3.2831700082169846E-5 1.3039227633271366E-4 4.136116476729512E-4 .0010548911523073912 .0023763186763972044 .004924160428345203 .009207281284034252 .016092412173748016 .026970410719513893 .04298664256930351 .06543253362178802 .09704207628965378 .13931970298290253 .19384340941905975 .26406556367874146 .3499130606651306 .4539230167865753 .577548086643219 .7157990336418152 .8736055493354797 1.0466006994247437 1.2254359722137451 1.415541172027588 1.6068817377090454 1.791545033454895 1.9702978134155273 2.135072708129883 2.279458522796631 2.4056320190429688 2.503800868988037 2.5781843662261963 2.6256613731384277 2.6484506130218506 2.6435513496398926 2.619457244873047 2.5724780559539795 2.509608030319214 2.432814836502075 2.3429017066955566 2.2437448501586914 2.1417064666748047 2.033503293991089 1.9218978881835938 1.8132890462875366 1.7048965692520142 1.5976725816726685 1.4952503442764282 1.3956239223480225 1.301840901374817 1.2111291885375977 1.1271425485610962 1.0466296672821045 .9727187752723694 .9013230204582214 .8370048999786377 .7761921286582947 .7207806706428528 .6676158905029297 .6193369030952454 .5753721594810486 .5347802639007568 .4961768388748169 .4612988233566284 .43014028668403625 .4002687633037567 .37330642342567444 .3484683334827423 .3261001408100128 .304715096950531 .2862342298030853 .2683020234107971 .25257423520088196 .237724170088768 .22440913319587708 .21172237396240234 .2007589489221573 .19038379192352295 .18107929825782776 .17212621867656708 .16423432528972626 .156992107629776 .15035617351531982 .14426596462726593 .13866232335567474 .1333635002374649 .12873676419258118 .12439211457967758 .1202721893787384 .11679946631193161 .11336155235767365 .11013748496770859 .10733955353498459 .10465316474437714 .10222885012626648 .10004733502864838 .09784625470638275 .09592545032501221 .0941835418343544 .09243420511484146 .09093143045902252 .08950025588274002 .08813808858394623 .08684796839952469 .08571789413690567 .08455996960401535 .0835810974240303 .08260698616504669 .08168274164199829 .08077529072761536 .08005902916193008 .07919178158044815 .07852936536073685 .077821746468544 .0771671012043953 .07651089876890182 .07597211003303528 .07532481104135513 .07484908401966095 .0742771103978157 .07379936426877975 .07328120619058609 .072855643928051 .07234685122966766 .07196011394262314 .0715017169713974 .07110538333654404 .07067587226629257 .07032559812068939 .06989681720733643 .06956750899553299 .06916115432977676 .06883848458528519 .06847842782735825 .06812471896409988 .0677843689918518 .0674862489104271 .06712349504232407 .06683024019002914 .06649431586265564 .06619778275489807 .06589660793542862 .0655750185251236 .06528609246015549 .06500222533941269 .0646916851401329 .06441952288150787 .06412399560213089 .06385122984647751 .06357315182685852 .06328238546848297 .06302238255739212 .06274988502264023 .06247136741876602 .06222136318683624 .06194094195961952 .061684321612119675 .061430998146533966 .06116144731640816 .06090906634926796 .060654863715171814 .060400694608688354 .0601547509431839 .059895481914281845 .0596490204334259 .05941004306077957 .0591539703309536 .058917950838804245 .05867169424891472 .05842966213822365 .058191653341054916 .05795072019100189 .05771605670452118 .05748055875301361 .05724076181650162 .057011473923921585 .05677725747227669 .056545037776231766 .05631844699382782 .05608661100268364 .05586040019989014 .05562916025519371 .055405233055353165 .05518699809908867 .05495613440871239 .05473239719867706 .05451686680316925 .054293591529130936 .05406997725367546 .05385333672165871 .05363954231142998 .05342216417193413 .05320091173052788 .052988044917583466 .05277746543288231 .05256437882781029 .05234914273023605 .052139852195978165 .051930539309978485 .05171908065676689 .05151074379682541 .05130648612976074 .05109895393252373 .05089225992560387 .050684116780757904 .05048535764217377 .0502811037003994 .05007943883538246 .049875978380441666 .04967827349901199 .04947514832019806 .0492776520550251 .04908240586519241 .04888540878891945 .04868409410119057 .04849175363779068 .04829807206988335 .04810430109500885 