% JSim data: Cin_vascular(time) units=dimensionless;
Cin_vascular = [ 0 .017974726662999947 .0451591813541228 .08585164702509264 .14549345378097525 .23056434153351607 .3482414709495423 .505774602907757 .7095763208653015 .9640934914714427 1.2706024542179286 1.6261359267873183 2.022781236288875 2.4475682303475272 2.8830841357402615 3.3088222196847057 3.7031192439473886 4.045401986836386 4.318383280131286 4.509845154608968 4.613702861912406 4.630256146937062 4.5655951549675615 4.43037490232812 4.238207987125906 4.003970925097385 3.742285295449721 3.4663514317797373 3.187213445989637 2.9134443857725727 2.6511761525055366 2.4043668694494715 2.1751957362713377 1.9644932123371162 1.7721420629956313 1.597413308190128 1.4392245622822182 1.2963241845090143 1.1674132317696353 1.0512200596870973 .9465416421835093 .8522631283663622 .7673641432783278 .6909176159944879 .6220847931717665 .5601086002229906 .5043065428647717 .4540637568741783 .4088264834221459 .36809607232593916 .3314235291221688 .2984045827909257 .26867523570771473 .24190775337226364 .2178070523014897 .1961074474502694 .17656972324397585 .1589784965936098 .14313984252125594 .12887915633889244 .1160392288133066 .10447851309780426 .09406956432544207 .0846976346619205 .07625940833005374 .068661862660782 .061821242614993326 .05566213747132753 .05011664950140546 .04512364546799025 .040628082694629815 .03658040227739599 .03293598274951301 .029654648176095498 .026700225256251237 .024040144550061628 .021645081434380396 .019488632829362796 .017547026131971222 .01579885714775137 .014224854131850227 .012807665338072647 .011531667733926467 .01038279477293803 .009348381325607565 .008417024059528702 .007578455729508941 .006823431991869924 .0061436294951729776 .005531554123926407 .004980458383756379 .004484267017299318 .004037510030808076 .0036352623931599545 .00327308974251097 .0029469995020684446 .002653396866084422 .0023890451708610786 .002151030213899798 .0019367281278495647 .0017437764550983707 .0015700481041351596 .001413627900578199 .0012727914743694332 .0011459862503880335 .0010318143329244508 9.290170953341209E-4 8.364613049877446E-4 7.53126630560188E-4 6.780943939388244E-4 6.105374427528156E-4 5.497110318785164E-4 4.949446133990593E-4 4.456344445109864E-4 4.012369318877676E-4 3.6126263912874016E-4 3.2527089123183834E-4 2.928649166100199E-4 2.63687473097188E-4 2.3741690972486223E-4 2.1376362085478407E-4 1.924668535779649E-4 1.7329183318506026E-4 1.560271750193809E-4 1.4048255418090493E-4 1.2648660739220246E-4 1.1388504389653133E-4 1.0253894456271418E-4 9.232323044620252E-5 8.312528392380222E-5 7.484370720150585E-5 6.738720450927429E-5 6.067357566012419E-5 5.462880987856033E-5 4.918626990875104E-5 4.428595740808889E-5 3.98738515278657E-5 3.590131338959993E-5 3.2324549891989213E-5 2.9104130937515697E-5 2.6204554756630267E-5 2.359385653766749E-5 2.1243256048042E-5 1.912684036211766E-5 1.7221278198153306E-5 1.5505562715187253E-5 1.3960779934464269E-5 1.256990023249124E-5 1.1317590607150141E-5 1.019004564729688E-5 9.174835342461734E-6 8.260768054911995E-6 7.437767143485823E-6 6.696759879103819E-6 6.0295774273670865E-6 5.428864795653975E-6 4.88799975197612E-6 4.4010198217582255E-6 0 0 0 0 0 0 0 0 0 0 0 0 0 0 0 0 0 0 0 0 0 0 0 0 0 0 0 0 0 0 0 0 0 0 0 0 0 0 0 0 0 0 0 0 0 0 0 0 0 0 0 0 0 0 0 0 0 0 0 0 0 0 0 0 0 0 0 0 0 0 0 0 0 0 0 0 0 0 0 0 0 0 0 0 0 0 0 0 0 0 0 0 0 0 0 0 0 0 0 0 0 0 0 0 0 0 0 0 0 0 0 0 0 0 0 0 0 0 0 0 0 0 0 0 0 0 0 0 0 0 0 0 0 0 0 0 0 0 0 0 0 0 0 0 0 0 0 0 0 0 0 0 0 0 0 0 0 0 0 0 0 0 0 0 0 0 0 0 0 0 0 0 0 0 0 0 0 0 0 0 0 0 0 0 0 0 0 0 0 0 0 0 0 0 0 0 0 0 0 0 0 0 0 0 0 0 0 0 0 0 0 0 0 0 0 0 0 0 0 0 0 0 0 0 0 0 0 0 0 0 0 0 0 0 0 0 0 0 0 0 0 0 0 ];
Cin_vascular__1 = 0:.1:40;

% JSim data: Cout_v(time) units=dimensionless;
Cout_v = [ 0 0 0 0 0 0 0 0 0 0 1.8216880036222622E-44 4.122490371579937E-34 4.8816817134281697E-29 4.144634273871738E-25 2.673386751357081E-22 4.113723636356207E-20 2.7236083857069073E-18 2.77138751248444E-16 8.161684219090692E-15 1.268770516166945E-13 1.3489280222336864E-12 1.0762342406156478E-11 6.800669055673225E-11 4.6524112340406987E-10 2.216231420604231E-9 8.626701131220216E-9 2.928569742266518E-8 8.929255557177385E-8 2.5124495550699066E-7 7.081567900968366E-7 1.698397795735218E-6 3.7576151044049766E-6 7.924490091681946E-6 1.5731300663901493E-5 3.0257193429861218E-5 5.665925709763542E-5 9.945945930667222E-5 1.6808856162242591E-4 2.7472240617498755E-4 4.3657765490934253E-4 6.882285815663636E-4 .0010565398260951042 .001576911425217986 .0023037539795041084 .0032949212472885847 .004621193744242191 .006435899529606104 .008787362836301327 .011831838637590408 .015610864385962486 .0202635508030653 .025880927219986916 .03285416588187218 .041516561061143875 .051254577934741974 .062359768897295 .07563057541847229 .09047921746969223 .10677435249090195 .12535102665424347 .14687855541706085 .16947250068187714 .19349916279315948 .21811187267303467 .24623388051986694 .2760448157787323 .30575984716415405 .33555567264556885 .36969947814941406 .40093857049942017 .43196573853492737 .46437135338783264 .494820773601532 .5308910012245178 .559424877166748 .5865513682365417 .6159654259681702 .645014762878418 .6663447022438049 .689349889755249 .714468240737915 .7290083765983582 .7493279576301575 .7636657953262329 .7728725075721741 .7894994020462036 .7909942269325256 .802108883857727 .8026531338691711 .8087507486343384 .8044661283493042 .8076724410057068 .8015995621681213 .795525312423706 .7894993424415588 .784660279750824 .7727873921394348 .7645495533943176 .7500010132789612 .7442648410797119 .7242562174797058 .7139455676078796 .7003505825996399 .6857168078422546 .6697965264320374 .6577251553535461 .6354128122329712 .6275522708892822 .6074157953262329 .5923762917518616 .5772638916969299 .5632960796356201 .5465875267982483 .5297843217849731 .5196642279624939 .49904805421829224 .49047955870628357 .47340670228004456 .45903679728507996 .4494165778160095 .4328233301639557 .42214149236679077 .409408837556839 .3976357579231262 .38713547587394714 .37475213408470154 .36580368876457214 .3534710109233856 .3466459810733795 .33320891857147217 .3274696469306946 .31769710779190063 .3088414967060089 .3015458583831787 .2933713495731354 .2858159840106964 .27893078327178955 .2725750505924225 .26542720198631287 .25979796051979065 .2538469135761261 .2476404309272766 .24256306886672974 .23717336356639862 .23309941589832306 .2273031324148178 .22342033684253693 .21897202730178833 .2147819548845291 .21122494339942932 .20657342672348022 .2045804113149643 .1997060626745224 .1970648616552353 .19397500157356262 .19086644053459167 .18810957670211792 .18551868200302124 .18317127227783203 .1798020601272583 .1784168779850006 .17572791874408722 .17330871522426605 .17212945222854614 .1689378172159195 .1682543307542801 .16573353111743927 .16397303342819214 .1626303642988205 .1609552502632141 .15943287312984467 .1578938364982605 .15649531781673431 .15514929592609406 .15401144325733185 .15257984399795532 .15116290748119354 .15093563497066498 .14862112700939178 .14819112420082092 .14721445739269257 .14582280814647675 .1452093869447708 .14424625039100647 .1431574821472168 .14233791828155518 .14159321784973145 .14086578786373138 .13981422781944275 .13917842507362366 .1383654624223709 .13790485262870789 .13677148520946503 .1363488733768463 .13588997721672058 .13471607863903046 .13441583514213562 .13388490676879883 .13300840556621552 .13257655501365662 .13201195001602173 .13145022094249725 .13079780340194702 .13040123879909515 .12985418736934662 .12929563224315643 .1286885291337967 .12833863496780396 .12793663144111633 .12721101939678192 .12689988315105438 .12651140987873077 .12578892707824707 .12555445730686188 .12515026330947876 .12459888309240341 .12413472682237625 .12383880466222763 .12341155111789703 .1229189932346344 .12256114929914474 .12217675149440765 .12179465591907501 .12132631987333298 .12100934237241745 .12066701054573059 .12017437815666199 .11989155411720276 .11950863897800446 .11910941451787949 .11875554174184799 