% JSim data: Cin_vascular(time) units=dimensionless;
Cin_vascular = [ 0 .017974726662999947 .0451591813541228 .08585164702509264 .14549345378097525 .23056434153351607 .3482414709495423 .505774602907757 .7095763208653015 .9640934914714427 1.2706024542179286 1.6261359267873183 2.022781236288875 2.4475682303475272 2.8830841357402615 3.3088222196847057 3.7031192439473886 4.045401986836386 4.318383280131286 4.509845154608968 4.613702861912406 4.630256146937062 4.5655951549675615 4.43037490232812 4.238207987125906 4.003970925097385 3.742285295449721 3.4663514317797373 3.187213445989637 2.9134443857725727 2.6511761525055366 2.4043668694494715 2.1751957362713377 1.9644932123371162 1.7721420629956313 1.597413308190128 1.4392245622822182 1.2963241845090143 1.1674132317696353 1.0512200596870973 .9465416421835093 .8522631283663622 .7673641432783278 .6909176159944879 .6220847931717665 .5601086002229906 .5043065428647717 .4540637568741783 .4088264834221459 .36809607232593916 .3314235291221688 .2984045827909257 .26867523570771473 .24190775337226364 .2178070523014897 .1961074474502694 .17656972324397585 .1589784965936098 .14313984252125594 .12887915633889244 .1160392288133066 .10447851309780426 .09406956432544207 .0846976346619205 .07625940833005374 .068661862660782 .061821242614993326 .05566213747132753 .05011664950140546 .04512364546799025 .040628082694629815 .03658040227739599 .03293598274951301 .029654648176095498 .026700225256251237 .024040144550061628 .021645081434380396 .019488632829362796 .017547026131971222 .01579885714775137 .014224854131850227 .012807665338072647 .011531667733926467 .01038279477293803 .009348381325607565 .008417024059528702 .007578455729508941 .006823431991869924 .0061436294951729776 .005531554123926407 .004980458383756379 .004484267017299318 .004037510030808076 .0036352623931599545 .00327308974251097 .0029469995020684446 .002653396866084422 .0023890451708610786 .002151030213899798 .0019367281278495647 .0017437764550983707 .0015700481041351596 .001413627900578199 .0012727914743694332 .0011459862503880335 .0010318143329244508 9.290170953341209E-4 8.364613049877446E-4 7.53126630560188E-4 6.780943939388244E-4 6.105374427528156E-4 5.497110318785164E-4 4.949446133990593E-4 4.456344445109864E-4 4.012369318877676E-4 3.6126263912874016E-4 3.2527089123183834E-4 2.928649166100199E-4 2.63687473097188E-4 2.3741690972486223E-4 2.1376362085478407E-4 1.924668535779649E-4 1.7329183318506026E-4 1.560271750193809E-4 1.4048255418090493E-4 1.2648660739220246E-4 1.1388504389653133E-4 1.0253894456271418E-4 9.232323044620252E-5 8.312528392380222E-5 7.484370720150585E-5 6.738720450927429E-5 6.067357566012419E-5 5.462880987856033E-5 4.918626990875104E-5 4.428595740808889E-5 3.98738515278657E-5 3.590131338959993E-5 3.2324549891989213E-5 2.9104130937515697E-5 2.6204554756630267E-5 2.359385653766749E-5 2.1243256048042E-5 1.912684036211766E-5 1.7221278198153306E-5 1.5505562715187253E-5 1.3960779934464269E-5 1.256990023249124E-5 1.1317590607150141E-5 1.019004564729688E-5 9.174835342461734E-6 8.260768054911995E-6 7.437767143485823E-6 6.696759879103819E-6 6.0295774273670865E-6 5.428864795653975E-6 4.88799975197612E-6 4.4010198217582255E-6 0 0 0 0 0 0 0 0 0 0 0 0 0 0 0 0 0 0 0 0 0 0 0 0 0 0 0 0 0 0 0 0 0 0 0 0 0 0 0 0 0 0 0 0 0 0 0 0 0 0 0 0 0 0 0 0 0 0 0 0 0 0 0 0 0 0 0 0 0 0 0 0 0 0 0 0 0 0 0 0 0 0 0 0 0 0 0 0 0 0 0 0 0 0 0 0 0 0 0 0 0 0 0 0 0 0 0 0 0 0 0 0 0 0 0 0 0 0 0 0 0 0 0 0 0 0 0 0 0 0 0 0 0 0 0 0 0 0 0 0 0 0 0 0 0 0 0 0 0 0 0 0 0 0 0 0 0 0 0 0 0 0 0 0 0 0 0 0 0 0 0 0 0 0 0 0 0 0 0 0 0 0 0 0 0 0 0 0 0 0 0 0 0 0 0 0 0 0 0 0 0 0 0 0 0 0 0 0 0 0 0 0 0 0 0 0 0 0 0 0 0 0 0 0 0 0 0 0 0 0 0 0 0 0 0 0 0 0 0 0 0 0 0 ];
Cin_vascular__1 = 0:.1:40;

% JSim data: Cout_v(time) units=dimensionless;
Cout_v = [ 0 0 0 7.254113509458772E-16 1.3224597523731063E-6 1.6280519048450515E-5 1.0431132977828383E-4 4.1120508103631437E-4 .0012861136347055435 .0032097785733640194 .0071113696321845055 .01390927191823721 .025404976680874825 .0429881326854229 .06958913803100586 .10703327506780624 .15959656238555908 .22903062403202057 .32045403122901917 .4346392750740051 .5763762593269348 .7441709637641907 .9413021206855774 1.1620243787765503 1.4066566228866577 1.6675297021865845 1.9389445781707764 2.2104039192199707 2.4772605895996094 2.7264556884765625 2.9516680240631104 3.146331310272217 3.3030314445495605 3.419290781021118 3.4935801029205322 3.5257339477539062 3.5167744159698486 3.47180438041687 3.3936235904693604 3.2884035110473633 3.160466194152832 3.0155601501464844 2.858537197113037 2.6950201988220215 2.526749849319458 2.3594489097595215 2.194559097290039 2.0331814289093018 1.8790980577468872 1.7322789430618286 1.5926704406738281 1.4622342586517334 1.3406647443771362 1.226493239402771 1.1215639114379883 1.0248959064483643 .9348317980766296 .8526343107223511 .7775704264640808 .7083056569099426 .6450329422950745 .5874812602996826 .5347313284873962 .4864410161972046 .44303956627845764 .40327557921409607 .3666878044605255 .3338710367679596 .30403536558151245 .2765115201473236 .25189408659935 .22949351370334625 .2089782953262329 .19045312702655792 .17380788922309875 .1583721786737442 .14452657103538513 .13192762434482574 .12058602273464203 .11011344939470291 .10084183514118195 .09229175746440887 .08456219732761383 .07752903550863266 .07121504843235016 .06534626334905624 .06015000492334366 .05539083480834961 .05108004808425903 .047157008200883865 .04361670836806297 .040379174053668976 .03742220625281334 .034758999943733215 .032348550856113434 .03014749474823475 .028160562738776207 .026350151747465134 .024692095816135406 .023185113444924355 .021802512928843498 .02057347632944584 .019439926370978355 .01841827854514122 .01747739687561989 .016632884740829468 .015831368044018745 .015121699310839176 .014475900679826736 .01388543751090765 .013351143337786198 .012857764028012753 .012407165952026844 .011983564123511314 .011599905788898468 .011263873428106308 .010943607427179813 .010655548423528671 .01039404608309269 .01013778243213892 .009914631955325603 .009705053642392159 .009515826590359211 .009344251826405525 .009177697822451591 .00903207529336214 .00889007467776537 .008759308606386185 .008645439520478249 .008531351573765278 .008433285169303417 .008340828120708466 .008247992023825645 .00816743541508913 .00809019710868597 .008018271066248417 .007956691086292267 .007887318730354309 .007834422402083874 .007777606137096882 .007723664399236441 .007681129965931177 .007627428043633699 .007589571177959442 .007547990418970585 .007507971953600645 .007475775666534901 .007433752529323101 .007404950447380543 .007373330183327198 .007342091295868158 .007316600065678358 .00728382496163249 .00726184481754899 .007235185708850622 .007209986913949251 .007188255432993174 .007164472714066505 .007144559640437365 .007122193928807974 .007101967930793762 .007083333097398281 .007063328754156828 .0070451064966619015 .0070275915786623955 .007011433597654104 .006991865579038858 .006976014468818903 .0069599575363099575 .006945077795535326 .006929514929652214 .006911564152687788 .006900302600115538 .006883880123496056 .006870763376355171 .006856468506157398 .006842731963843107 .006831773091107607 .0068155271001160145 .00680475402623415 .006793062202632427 .006779114715754986 .006769402883946896 .006754078436642885 .00674589304253459 .00673307292163372 .006720690056681633 .0067126150242984295 .006697931792587042 .0066897133365273476 .006677339784801006 .006667224690318108 .006658797152340412 .006644888315349817 .006637100595980883 .006625978741794825 .0066163502633571625 .006607248913496733 .006594883278012276 .006588273216038942 .006576509680598974 .006567625794559717 .006558549590408802 .006548045668751001 .006540591828525066 .006529244594275951 .00652129203081131 .006512314081192017 .006502319127321243 .006495009642094374 .006484021432697773 .006476684007793665 .006467471364885569 .006458388175815344 .006450689397752285 .006440694909542799 .0064332676120102406 .006424215622246265 .006415600888431072 .0064078341238200665 