% JSim data: Cin_vascular(time) units=dimensionless;
Cin_vascular = [ 0 9.319810496490341E-13 4.037036530811659E-12 1.4313329856210296E-11 4.750688256569054E-11 1.5167835739984245E-10 4.68933588392651E-10 1.406269273778756E-9 4.09264792124928E-9 1.1560751717400512E-8 3.169876531006573E-8 8.43707501372843E-8 2.179973861310079E-7 5.468108613520121E-7 1.331579211786389E-6 3.148180912805832E-6 7.226622022436279E-6 1.6107040261823694E-5 3.485976139255999E-5 7.326335502488076E-5 1.4953076481774618E-4 2.964051275982858E-4 5.706699704355037E-4 .001067245272716754 .0019389317459397994 .003422337385719978 .005869382161971986 .00978190209885646 .015844303969308575 .024946276480861368 .0381849160937861 .05683427673115217 .0822714559422234 .1158528492270654 .15874246255435143 .21170543192427993 .2748921572252457 .34764865255914457 .4283933954987791 .5145973248510729 .6028906513709357 .6892992860009218 .769588982377333 .8396724618544187 .8960197101552808 .9360085322585581 .9581624156393809 .962238946763145 .9491717842578515 .9208780609572942 .8799775848652307 .8294732951150202 .7724414420664024 .7117713951740299 .6499789450860262 .5891002977154105 .530660012723329 .4756969593347272 .42482845107779027 .378333306168827 .33623815907009313 .2983962660496601 .26455293143165337 .23439565920392205 .20758984717000664 .18380232270591096 .16271553209400183 .14403507539245375 .1274928319745949 .11284737384695714 .09988285107551709 .08840711903446292 .0782495743856437 .06925896277480338 .0613012932581917 .0542579193040601 .04802380494405955 .042505973691633996 .03762212830378823 .033299425944778506 .029473392754545556 .026086962597970536 .023089626053097397 .02043667709944945 .018088546341404912 .016010210816217642 .01417067162511545 .012542491576903094 .011101385955332423 .009825860306432194 .008696889843303239 .0076976356866215925 .0068131937085045115 .006030372233682353 .005337495282333509 .0047242284198990795 .004181424616383888 .0037009878160960325 .003275752182933465 .002899375220130406 .002566243170317682 .002271387284915113 .0020104097139926795 .0017794179112291574 .0015749665756015516 .0013940062638509827 .0012338379072670562 .0010920725543969887 9.665957392319166E-4 8.555359434128398E-4 7.572366820620569E-4 6.702317968932554E-4 5.932235880907144E-4 5.250634587891216E-4 4.647347834615068E-4 4.1133774469298166E-4 3.640759121769576E-4 3.222443637561595E-4 2.8521917133078573E-4 2.5244809481346703E-4 2.2344234532901613E-4 1.977692948050248E-4 1.750460232149987E-4 1.5493360722954494E-4 1.3713206508939504E-4 1.213758823017711E-4 1.0743005142473213E-4 9.50865668718781E-5 0 0 0 0 0 0 0 0 0 0 0 0 0 0 0 0 0 0 0 0 0 0 0 0 0 0 0 0 0 0 0 0 0 0 0 0 0 0 0 0 0 0 0 0 0 0 0 0 0 0 0 0 0 0 0 0 0 0 0 0 0 0 0 0 0 0 0 0 0 0 0 0 0 ];
Cin_vascular__1 = 0:.1:20;

% JSim data: Cout_v(time) units=dimensionless;
Cout_v = [ 0 0 0 0 0 0 2.2765770168407242E-15 1.7632464634426484E-14 8.085498010056494E-14 2.9988880302644905E-13 1.0122439995582933E-12 3.2494614637945674E-12 1.0094250088577006E-11 3.02335691204636E-11 8.82889247821872E-11 2.5164878514338795E-10 6.890253922975376E-10 1.8379577859661822E-9 4.794237895566766E-9 1.2161595286386273E-8 2.9751671348776654E-8 7.06553251461628E-8 1.6487031473388924E-7 3.7120520346434205E-7 8.116015237646934E-7 1.7322038274869556E-6 3.5950588426203467E-6 7.22274216968799E-6 1.4120893865765538E-5 2.7077010599896312E-5 5.0163518608314916E-5 8.99598453543149E-5 1.5818524116184562E-4 2.714213915169239E-4 4.5077342656441033E-4 7.26821890566498E-4 .0011495050275698304 .0017683827318251133 .002636892953887582 .003851568792015314 .005487607792019844 .007602582219988108 .010263104923069477 .013593337498605251 .017563341185450554 .022097347304224968 .02723192423582077 .032916080206632614 .038869746029376984 .04498615115880966 .05112671107053757 .05708368495106697 .06259660422801971 .06761099398136139 .0720050185918808 .0756654366850853 .07863155007362366 .08091028779745102 .0825188085436821 .08359488099813461 .08426406979560852 .08449477702379227 .08447962254285812 .08432330191135406 .08405720442533493 .08370564132928848 .08335303515195847 .08305425196886063 .08275331556797028 .08251407742500305 .08234742283821106 .08222681283950806 .08214260637760162 .08211251348257065 .08213852345943451 .08218779414892197 .0822732150554657 .0823846310377121 .08252733200788498 .08267384022474289 .08284739404916763 .0830259770154953 .0832166001200676 .08341216295957565 .0836104229092598 .08381534367799759 .08401047438383102 .08421257883310318 .08440548181533813 .0846034437417984 .08478734642267227 .08497048169374466 .08514366298913956 .08531138300895691 .0854720026254654 .08562231808900833 .08576853573322296 .08589815348386765 .08602675050497055 .08613704890012741 .08624514192342758 .08634021878242493 .08642639219760895 .086502306163311 .08656565845012665 .08662641793489456 .08666963875293732 .08670688420534134 .08673109114170074 .08675111085176468 .08675631880760193 .08675318211317062 .08673960715532303 .08671852201223373 .08668750524520874 .08664596825838089 .08659862726926804 .08653847873210907 .08647311478853226 .08639419078826904 .08631110936403275 .08621937781572342 .0861157700419426 .08600720018148422 .08588673919439316 .08576507121324539 .0856301337480545 .08548940718173981 .08533981442451477 .08518609404563904 .08502372354269028 .08485307544469833 .08467522263526917 .08449278771877289 .0843026265501976 .08410342782735825 .08390029519796371 .08369027823209763 .08347687870264053 .08325304836034775 .08302702009677887 .08279712498188019 .08255656063556671 .08231376111507416 .08206386864185333 .0818142220377922 .081553153693676 .08128754794597626 .08101992309093475 .08074894547462463 .08047034591436386 .08018800616264343 .07990159839391708 .07961214333772659 .0793164074420929 .07901877164840698 .07871771603822708 .07841036468744278 .07810109108686447 .077787384390831 .07747237384319305 .07715211063623428 .0768279880285263 .07650254666805267 .07617467641830444 .07584267854690552 .07550781965255737 .07517123967409134 .07482938468456268 .07448825240135193 .07414515316486359 .07379763573408127 .07344721257686615 .07309452444314957 .07274452596902847 .0723889097571373 .0720299631357193 .07167267054319382 .07131081819534302 .0709497481584549 .07058394700288773 .07022096961736679 .06985355913639069 .06948509067296982 .06911636143922806 .06874699145555496 .06837509572505951 .06800108402967453 .06762786209583282 .06725543737411499 .0668817088007927 .06650222837924957 .06612745672464371 .06574884802103043 .06537318974733353 .06499508768320084 .06461586058139801 .06423752754926682 .06385543942451477 .06347806006669998 .06309753656387329 ];
Cout_v__1 = 0:.1:20;

% JSim data: Cout_e(time) units=dimensionless;
