% JSim data: Cin_vascular(time) units=dimensionless;
Cin_vascular = [ 0 9.319810496490341E-13 4.037036530811659E-12 1.4313329856210296E-11 4.750688256569054E-11 1.5167835739984245E-10 4.68933588392651E-10 1.406269273778756E-9 4.09264792124928E-9 1.1560751717400512E-8 3.169876531006573E-8 8.43707501372843E-8 2.179973861310079E-7 5.468108613520121E-7 1.331579211786389E-6 3.148180912805832E-6 7.226622022436279E-6 1.6107040261823694E-5 3.485976139255999E-5 7.326335502488076E-5 1.4953076481774618E-4 2.964051275982858E-4 5.706699704355037E-4 .001067245272716754 .0019389317459397994 .003422337385719978 .005869382161971986 .00978190209885646 .015844303969308575 .024946276480861368 .0381849160937861 .05683427673115217 .0822714559422234 .1158528492270654 .15874246255435143 .21170543192427993 .2748921572252457 .34764865255914457 .4283933954987791 .5145973248510729 .6028906513709357 .6892992860009218 .769588982377333 .8396724618544187 .8960197101552808 .9360085322585581 .9581624156393809 .962238946763145 .9491717842578515 .9208780609572942 .8799775848652307 .8294732951150202 .7724414420664024 .7117713951740299 .6499789450860262 .5891002977154105 .530660012723329 .4756969593347272 .42482845107779027 .378333306168827 .33623815907009313 .2983962660496601 .26455293143165337 .23439565920392205 .20758984717000664 .18380232270591096 .16271553209400183 .14403507539245375 .1274928319745949 .11284737384695714 .09988285107551709 .08840711903446292 .0782495743856437 .06925896277480338 .0613012932581917 .0542579193040601 .04802380494405955 .042505973691633996 .03762212830378823 .033299425944778506 .029473392754545556 .026086962597970536 .023089626053097397 .02043667709944945 .018088546341404912 .016010210816217642 .01417067162511545 .012542491576903094 .011101385955332423 .009825860306432194 .008696889843303239 .0076976356866215925 .0068131937085045115 .006030372233682353 .005337495282333509 .0047242284198990795 .004181424616383888 .0037009878160960325 .003275752182933465 .002899375220130406 .002566243170317682 .002271387284915113 .0020104097139926795 .0017794179112291574 .0015749665756015516 .0013940062638509827 .0012338379072670562 .0010920725543969887 9.665957392319166E-4 8.555359434128398E-4 7.572366820620569E-4 6.702317968932554E-4 5.932235880907144E-4 5.250634587891216E-4 4.647347834615068E-4 4.1133774469298166E-4 3.640759121769576E-4 3.222443637561595E-4 2.8521917133078573E-4 2.5244809481346703E-4 2.2344234532901613E-4 1.977692948050248E-4 1.750460232149987E-4 1.5493360722954494E-4 1.3713206508939504E-4 1.213758823017711E-4 1.0743005142473213E-4 9.50865668718781E-5 0 0 0 0 0 0 0 0 0 0 0 0 0 0 0 0 0 0 0 0 0 0 0 0 0 0 0 0 0 0 0 0 0 0 0 0 0 0 0 0 0 0 0 0 0 0 0 0 0 0 0 0 0 0 0 0 0 0 0 0 0 0 0 0 0 0 0 0 0 0 0 0 0 ];
Cin_vascular__1 = 0:.1:20;

% JSim data: Cout_v(time) units=dimensionless;
Cout_v = [ 0 0 0 0 0 0 0 0 0 0 0 3.2818064960054476E-15 2.5193063780959424E-14 1.143306776292194E-13 4.3223600696903897E-13 1.5009788117276157E-12 4.863243922154092E-12 1.5237628867015296E-11 4.624258614915888E-11 1.3533635323526028E-10 3.8677758218419456E-10 1.0745369039000252E-9 2.88138757298384E-9 7.553059511167248E-9 1.9289409181055817E-8 4.7714696194134376E-8 1.1506159580676467E-7 2.6907775918516563E-7 6.132886483101174E-7 1.3670813814314897E-6 2.948266228486318E-6 6.202870736160548E-6 1.2687609341810457E-5 2.5110055503319018E-5 4.87187753606122E-5 9.194690937874839E-5 1.6879000759217888E-4 3.032438980881125E-4 5.302134668454528E-4 9.031796362251043E-4 .0014971296768635511 .0024096588604152203 .0037897645961493254 .005847438704222441 .008778608404099941 .012933983467519283 .018466891720891 .02579144760966301 .03520101308822632 .04697570577263832 .06158478558063507 .0784967765212059 .09879519045352936 .12087490409612656 .1451198160648346 .17095042765140533 .19733090698719025 .22493651509284973 .25018393993377686 .27580180764198303 .29684942960739136 .31583690643310547 .33119451999664307 .34163883328437805 .35006168484687805 .35239529609680176 .3518768846988678 .3475262522697449 .3403417766094208 .33048558235168457 .31912761926651 .3049544095993042 .2908536493778229 .27523893117904663 .259708046913147 .24460451304912567 .2288716584444046 .21491286158561707 .1996256560087204 .18676605820655823 .17386367917060852 .16209787130355835 .15125976502895355 .14053863286972046 .13173364102840424 .12269259244203568 .11487606912851334 .10773174464702606 .10093710571527481 .09505389630794525 .08946862816810608 .08452995866537094 .08010796457529068 .0760144591331482 .07235460728406906 .0689544603228569 .06602014601230621 .06326096504926682 .0607609786093235 .05855643376708031 .0565032921731472 .05476733297109604 .05296984687447548 .051643963903188705 .05017991364002228 .048988062888383865 .04788966104388237 .046864453703165054 .0460226871073246 .04508771374821663 .04441298171877861 .043696001172065735 .04306194558739662 .04248702898621559 .041903574019670486 .04144798964262009 .04092215746641159 .040535200387239456 .04011307284235954 .03974313661456108 .03940457105636597 .03906092420220375 .038770806044340134 .03848504647612572 .038216862827539444 .03797370567917824 .037739064544439316 .037505172193050385 .0373016893863678 .03708454594016075 .036892201751470566 .036688972264528275 .036513689905405045 .036322999745607376 .036145154386758804 .03597268834710121 .03580143675208092 .035631101578474045 .03546766936779022 .03530639782547951 .0351443886756897 .034996747970581055 .03483223915100098 .034685879945755005 .03453735262155533 .03438578546047211 .03424854204058647 .03410306200385094 .03396445885300636 .03382772579789162 .03369384631514549 .03356096148490906 .033425670117139816 .033294666558504105 .033167898654937744 .033039942383766174 .03290732577443123 .032781388610601425 .03265675902366638 .03252747282385826 .03240373730659485 .03227558732032776 .0321517139673233 .03202774003148079 .03190167620778084 .031778525561094284 .03165367245674133 .03153253719210625 .031410835683345795 .031285759061574936 .03116591088473797 .031045082956552505 .030924664810299873 .030803529545664787 .03068460524082184 .030566008761525154 .03044828772544861 .030330544337630272 .030209023505449295 .030095038935542107 .029976237565279007 .02986169420182705 .029746493324637413 .029628150165081024 .02951699122786522 .029399791732430458 .029286401346325874 .029171718284487724 .029056819155812263 .028946390375494957 .028834249824285507 .028722042217850685 .028608717024326324 .028497876599431038 .02838706597685814 .028278030455112457 .028166452422738075 .0280555859208107 .027949493378400803 .027838831767439842 .02773096226155758 ];
Cout_v__1 = 0:.1:20;

% JSim data: Cout_e(time) units=dimensionless;
