% JSim data: Cin_vascular(time) units=dimensionless;
Cin_vascular = [ 0 9.319810496490341E-13 4.037036530811659E-12 1.4313329856210296E-11 4.750688256569054E-11 1.5167835739984245E-10 4.68933588392651E-10 1.406269273778756E-9 4.09264792124928E-9 1.1560751717400512E-8 3.169876531006573E-8 8.43707501372843E-8 2.179973861310079E-7 5.468108613520121E-7 1.331579211786389E-6 3.148180912805832E-6 7.226622022436279E-6 1.6107040261823694E-5 3.485976139255999E-5 7.326335502488076E-5 1.4953076481774618E-4 2.964051275982858E-4 5.706699704355037E-4 .001067245272716754 .0019389317459397994 .003422337385719978 .005869382161971986 .00978190209885646 .015844303969308575 .024946276480861368 .0381849160937861 .05683427673115217 .0822714559422234 .1158528492270654 .15874246255435143 .21170543192427993 .2748921572252457 .34764865255914457 .4283933954987791 .5145973248510729 .6028906513709357 .6892992860009218 .769588982377333 .8396724618544187 .8960197101552808 .9360085322585581 .9581624156393809 .962238946763145 .9491717842578515 .9208780609572942 .8799775848652307 .8294732951150202 .7724414420664024 .7117713951740299 .6499789450860262 .5891002977154105 .530660012723329 .4756969593347272 .42482845107779027 .378333306168827 .33623815907009313 .2983962660496601 .26455293143165337 .23439565920392205 .20758984717000664 .18380232270591096 .16271553209400183 .14403507539245375 .1274928319745949 .11284737384695714 .09988285107551709 .08840711903446292 .0782495743856437 .06925896277480338 .0613012932581917 .0542579193040601 .04802380494405955 .042505973691633996 .03762212830378823 .033299425944778506 .029473392754545556 .026086962597970536 .023089626053097397 .02043667709944945 .018088546341404912 .016010210816217642 .01417067162511545 .012542491576903094 .011101385955332423 .009825860306432194 .008696889843303239 .0076976356866215925 .0068131937085045115 .006030372233682353 .005337495282333509 .0047242284198990795 .004181424616383888 .0037009878160960325 .003275752182933465 .002899375220130406 .002566243170317682 .002271387284915113 .0020104097139926795 .0017794179112291574 .0015749665756015516 .0013940062638509827 .0012338379072670562 .0010920725543969887 9.665957392319166E-4 8.555359434128398E-4 7.572366820620569E-4 6.702317968932554E-4 5.932235880907144E-4 5.250634587891216E-4 4.647347834615068E-4 4.1133774469298166E-4 3.640759121769576E-4 3.222443637561595E-4 2.8521917133078573E-4 2.5244809481346703E-4 2.2344234532901613E-4 1.977692948050248E-4 1.750460232149987E-4 1.5493360722954494E-4 1.3713206508939504E-4 1.213758823017711E-4 1.0743005142473213E-4 9.50865668718781E-5 0 0 0 0 0 0 0 0 0 0 0 0 0 0 0 0 0 0 0 0 0 0 0 0 0 0 0 0 0 0 0 0 0 0 0 0 0 0 0 0 0 0 0 0 0 0 0 0 0 0 0 0 0 0 0 0 0 0 0 0 0 0 0 0 0 0 0 0 0 0 0 0 0 ];
Cin_vascular__1 = 0:.1:20;

% JSim data: Cout_v(time) units=dimensionless;
Cout_v = [ 0 0 0 1.1303682209679424E-15 1.9517143435253403E-14 1.0110900154234811E-13 3.8122551448104003E-13 1.298320500588146E-12 4.171587554557821E-12 1.3092267721337425E-11 3.9314277527902064E-11 1.1607464295293468E-10 3.2893429646740913E-10 9.136862377800981E-10 2.452179348466643E-9 6.39186881201681E-9 1.6260637281106938E-8 3.985730145927846E-8 9.589531657638872E-8 2.216800254473128E-7 5.032266585658363E-7 1.1002625797118526E-6 2.351375542275491E-6 4.872208592132665E-6 9.79350988927763E-6 1.924020216392819E-5 3.647050107247196E-5 6.77660500514321E-5 1.2141957995481789E-4 2.1318906510714442E-4 3.620166680775583E-4 5.997282569296658E-4 9.665624820627272E-4 .001512222457677126 .002313878620043397 .0034287122543901205 .004974210634827614 .0069974991492927074 .009633232839405537 .012897594831883907 .01686018891632557 .021525917574763298 .02680002525448799 .03268001601099968 .03889203444123268 .0453982837498188 .051848530769348145 .058145672082901 .06401051580905914 .06930771470069885 .07390626519918442 .0777273178100586 .0807492807507515 .0830199271440506 .0845789760351181 .08556254953145981 .08604349195957184 .08616603910923004 .0860370323061943 .08570902794599533 .08533208072185516 .08487734198570251 .08447618782520294 .08407307416200638 .08375667780637741 .08348225057125092 .08327708393335342 .08314091712236404 .08304484933614731 .08301787823438644 .08301951736211777 .08307494223117828 .08314844220876694 .08326162397861481 .083390973508358 .0835394486784935 .08370683342218399 .08388034254312515 .08406729996204376 .08425480127334595 .08445063978433609 .08464435487985611 .08483961969614029 .08503423631191254 .08522263169288635 .085409976541996 .08559060096740723 .0857653021812439 .08593367785215378 .0860946848988533 .08624763786792755 .08639156073331833 .08652687817811966 .08665359765291214 .0867704227566719 .0868784487247467 .08697661757469177 .08706334233283997 .08714235574007034 .08720999956130981 .08726862818002701 .08731694519519806 .0873536691069603 .08738280832767487 .08739939332008362 .0874093770980835 .08740755170583725 .08739566057920456 .08737558126449585 .087344691157341 .08730541169643402 .08725683391094208 .08719802647829056 .08713147789239883 .08705467730760574 .0869709849357605 .08687722682952881 .0867755338549614 .08666568249464035 .08654730021953583 .08642075955867767 .08628744632005692 .08614371716976166 .08599592745304108 .08583780378103256 .08567430824041367 .08550292253494263 .0853235051035881 .08513891696929932 .08494635671377182 .08474815636873245 .0845416858792305 .0843275934457779 .08411034941673279 .08388546854257584 .08365742117166519 .08342178910970688 .08318032324314117 .08293454349040985 .08268231898546219 .08242582529783249 .0821642354130745 .08189599961042404 .0816250741481781 .08134766668081284 .08106717467308044 .08078164607286453 .08049087226390839 .08019689470529556 .07989855110645294 .07959572225809097 .07929052412509918 .07897883653640747 .07866665720939636 .07834786176681519 .0780288353562355 .07770399749279022 .07737614214420319 .07704690098762512 .07671220600605011 .0763770267367363 .07603814452886581 .07569653540849686 .075350321829319 .07500520348548889 .07465562224388123 .0743037760257721 .07394995540380478 .07359211891889572 .0732356384396553 .07287497818470001 .07251357287168503 .0721488818526268 .07178279012441635 .07141640782356262 .07104804366827011 .07067738473415375 .0703059583902359 .06993143260478973 .06955841928720474 .06918317079544067 .06880698353052139 .0684288889169693 .06804986298084259 .06767136603593826 .06729135662317276 .06691019982099533 .06652896851301193 .06614501029253006 .06576356291770935 .06538095325231552 .064996138215065 .06461316347122192 .06422697007656097 .06384380161762238 .06345871835947037 .06307404488325119 .06268855184316635 .062302492558956146 .061918579041957855 .06153356283903122 ];
Cout_v__1 = 0:.1:20;

% JSim data: Cout_e(time) units=dimensionless;
