% JSim data: Cin_vascular(time) units=dimensionless;
Cin_vascular = [ 0 6.332274170105553E-6 1.6231143083977952E-5 3.179418810225516E-5 5.6200903845529336E-5 9.419693858395714E-5 1.527549865325023E-4 2.419572788847643E-4 3.76147107940656E-4 5.753948934614527E-4 8.67315752911098E-4 .0012892579628330386 .0018908527986831406 .0027368742627253985 .003910301511327458 .0055154084767254485 .007680627710403539 .01056085515867353 .014338788728049149 .019224838143612512 .025455120631795364 .03328708058315049 .042992353998682196 .05484664831682621 .06911662637903551 .08604406192901787 .10582785483197454 .1286048284544185 .15443054208824322 .18326159568714215 .21494104049182758 .24918850178135563 .28559644621380403 .32363368138951737 .362656676274032 .401928676792173 .4406459191028927 .4779695844623647 .5130615689279563 .5451217271904656 .573424045454061 .5973492326310599 .6164114928154014 .63027772661832 .6387779782151122 .6419054998356338 .6398105523397417 .6327842431169414 .6212366303356159 .6056708075644768 .5866545801236519 .5647918419868392 .5406955073131207 .5149634824533339 .488158727295794 .46079399731864673 .43332142452550193 .40612672266300487 .3795275139179587 .3537750818678557 .3290587579708703 .3055121358062686 .2832203615761048 .2622278508531194 .2425459098650351 .22415987659939135 .2070355282545676 .19112461697542724 .17636948963577395 .16270681765793815 .15007051038058958 .13839391312663957 .12761140275152658 .11765949323384303 .10847755572935051 .10000824479524814 .09219770782459592 .08499563998622009 .07835523334745996 .07223305702253188 .06658889538644745 .0613855635949822 .05658871366132654 .05216663988565644 .048090089220144155 .04433207990056302 .04086773014465134 .03767409770857251 .034730030451356204 .032016027666937764 .029514111720127505 .027207709407415133 .02508154241560524 .023121526244147973 .021314676973393322 .019649025290004476 .018113537215792723 .016698041023353816 .01539315985649846 .01419024962487034 .01308134173186828 .012059090292957576 .01111672347335997 .010247998628497134 .009447160950018409 .008708905343466175 .008028341285040349 .007400960424657711 .006822606720695018 .006289448908575363 .005797955120817831 .005344869490422851 .004927190582603782 .0045421515119873765 .004187201613570768 .003859989546015471 .0035583477153474613 .0032802779158790313 .0030239380932318375 .0027876301417735817 .0025697886556333106 .00236897055877725 .002183845545450249 .0020131872676562566 .0018558652112998536 .0017108372071728895 .0015771425271758192 .001453895520040068 .001340279744391757 .0012355425602916298 .001138990143423214 .0010499828889010744 9.679311742519638E-4 8.922914535010624E-4 8.225626564888215E-4 7.582828695659377E-4 6.990262756779645E-4 6.444003335693376E-4 5.940431774206667E-4 5.476212196933501E-4 5.048269413017238E-4 4.6537685447390486E-4 4.290096248064211E-4 3.9548434007232337E-4 3.645789143146057E-4 3.3608861665296167E-4 3.0982471505806554E-4 2.8561322610914274E-4 2.6329376245269484E-4 2.427184703274394E-4 2.2375105011717347E-4 2.0626585344328508E-4 1.9014705081565653E-4 1.7528786432812664E-4 1.6158986031555026E-4 1.4896229728671092E-4 1.3732152481351636E-4 1.2659042939445472E-4 1.1669792362147638E-4 1.0757847526631825E-4 9.917167316673662E-5 9.142182703689309E-5 8.427759855086274E-5 7.769166125540345E-5 7.162038705910167E-5 6.602355722106215E-5 6.086409592461029E-5 0 0 0 0 0 0 0 0 0 0 0 0 0 0 0 0 0 0 0 0 0 0 0 0 0 0 0 0 0 0 0 0 0 0 ];
Cin_vascular__1 = 0:.1:20;

% JSim data: Cout_v(time) units=dimensionless;
Cout_v = [ 0 0 0 0 0 0 0 0 0 0 0 2.2306741342958958E-8 1.318227162983021E-7 4.147898948758666E-7 1.0315046665709815E-6 2.2916112811799394E-6 4.377383447717875E-6 8.058365892793518E-6 1.3833709090249613E-5 2.2921867639524862E-5 3.70504567399621E-5 5.8320521929999813E-5 9.012594819068909E-5 1.3775525439996272E-4 2.0676061103586107E-4 3.051684470847249E-4 4.463255172595382E-4 6.404198938980699E-4 9.136367589235306E-4 .0012893428793177009 .0017946826992556453 .002473290078341961 .0033446643501520157 .004493271000683308 .005959463771432638 .007816728204488754 .010166088119149208 .013062029145658016 .016632074490189552 .020831294357776642 .02591666206717491 .031732458621263504 .03858747333288193 .04651940241456032 .05531784147024155 .0655534565448761 .07607851922512054 .0881105288863182 .10060428828001022 .1138947531580925 .12820430099964142 .14206285774707794 .1572374850511551 .17125239968299866 .18543457984924316 .19904634356498718 .211714968085289 .22407694160938263 .23444782197475433 .24437187612056732 .25211286544799805 .2586473524570465 .2636750042438507 .2668133080005646 .2688828110694885 .26909515261650085 .26792290806770325 .26550671458244324 .26196134090423584 .25726237893104553 .2519969046115875 .24540601670742035 .2387462854385376 .2312290370464325 .22348879277706146 .21575696766376495 .20758144557476044 .19992461800575256 .1914195865392685 .18385101854801178 .17607557773590088 .16866201162338257 .16165156662464142 .15441551804542542 .14824165403842926 .14171484112739563 .1358180195093155 .13021433353424072 .12474174052476883 .11986357718706131 .11499299854040146 .11062052845954895 .10642747581005096 .10248348116874695 .09883981943130493 .09531379491090775 .09217999130487442 .08908454328775406 .0862911194562912 .08365309983491898 .08114577829837799 .07892030477523804 .07662370055913925 .07475447654724121 .07277018576860428 .07101510465145111 .0693804994225502 .0677809789776802 .06638672202825546 .06492297351360321 .06370897591114044 .06248413398861885 .061352770775556564 .06028947979211807 .05924845114350319 .058341074734926224 .05738278105854988 .05657958984375 .055765870958566666 .055006783455610275 .05430465564131737 .053589560091495514 .05296454206109047 .05232491344213486 .05174320563673973 .05119217932224274 .05064808204770088 .05014166235923767 .04964546114206314 .04917004331946373 .04871990159153938 .04827212914824486 .047866106033325195 .04745025932788849 .0470636710524559 .04667992889881134 .04631423577666283 .04595443606376648 .045600730925798416 .045270852744579315 .04493526369333267 .04462572559714317 .04430374503135681 .044002093374729156 .04370701685547829 .04340577870607376 .0431317538022995 .04284236207604408 .04257029667496681 .04230313375592232 .04203682765364647 .041778307408094406 .04151687026023865 .04126593470573425 .04101797565817833 .040774233639240265 .040526703000068665 .04028896614909172 .040055736899375916 .03981715813279152 .03958938270807266 .03935541585087776 .03913256153464317 .03890867903828621 .038683101534843445 .03846561163663864 .03824377804994583 .038029495626688004 .03781721368432045 .03759995847940445 .03739094361662865 .037181053310632706 .03697410970926285 .03676648437976837 .03656141459941864 .036358535289764404 .03615909069776535 .03595839440822601 .035751812160015106 .03555832430720329 .035357408225536346 .035162314772605896 .0349680557847023 .03476819768548012 .03458227962255478 .03438495844602585 .034196071326732635 .03400649130344391 .03381557762622833 .03363289311528206 .0334496907889843 .03326518088579178 .03307889774441719 .03289885073900223 .032718345522880554 .03254115954041481 .03235924616456032 .032180219888687134 .03200943022966385 .03183062747120857 .031656764447689056 ];
Cout_v__1 = 0:.1:20;

% JSim data: Cout_e(time) units=dimensionless;
