% JSim data: Cin_vascular(time) units=dimensionless;
Cin_vascular = [ 0 9.319810496490341E-13 4.037036530811659E-12 1.4313329856210296E-11 4.750688256569054E-11 1.5167835739984245E-10 4.68933588392651E-10 1.406269273778756E-9 4.09264792124928E-9 1.1560751717400512E-8 3.169876531006573E-8 8.43707501372843E-8 2.179973861310079E-7 5.468108613520121E-7 1.331579211786389E-6 3.148180912805832E-6 7.226622022436279E-6 1.6107040261823694E-5 3.485976139255999E-5 7.326335502488076E-5 1.4953076481774618E-4 2.964051275982858E-4 5.706699704355037E-4 .001067245272716754 .0019389317459397994 .003422337385719978 .005869382161971986 .00978190209885646 .015844303969308575 .024946276480861368 .0381849160937861 .05683427673115217 .0822714559422234 .1158528492270654 .15874246255435143 .21170543192427993 .2748921572252457 .34764865255914457 .4283933954987791 .5145973248510729 .6028906513709357 .6892992860009218 .769588982377333 .8396724618544187 .8960197101552808 .9360085322585581 .9581624156393809 .962238946763145 .9491717842578515 .9208780609572942 .8799775848652307 .8294732951150202 .7724414420664024 .7117713951740299 .6499789450860262 .5891002977154105 .530660012723329 .4756969593347272 .42482845107779027 .378333306168827 .33623815907009313 .2983962660496601 .26455293143165337 .23439565920392205 .20758984717000664 .18380232270591096 .16271553209400183 .14403507539245375 .1274928319745949 .11284737384695714 .09988285107551709 .08840711903446292 .0782495743856437 .06925896277480338 .0613012932581917 .0542579193040601 .04802380494405955 .042505973691633996 .03762212830378823 .033299425944778506 .029473392754545556 .026086962597970536 .023089626053097397 .02043667709944945 .018088546341404912 .016010210816217642 .01417067162511545 .012542491576903094 .011101385955332423 .009825860306432194 .008696889843303239 .0076976356866215925 .0068131937085045115 .006030372233682353 .005337495282333509 .0047242284198990795 .004181424616383888 .0037009878160960325 .003275752182933465 .002899375220130406 .002566243170317682 .002271387284915113 .0020104097139926795 .0017794179112291574 .0015749665756015516 .0013940062638509827 .0012338379072670562 .0010920725543969887 9.665957392319166E-4 8.555359434128398E-4 7.572366820620569E-4 6.702317968932554E-4 5.932235880907144E-4 5.250634587891216E-4 4.647347834615068E-4 4.1133774469298166E-4 3.640759121769576E-4 3.222443637561595E-4 2.8521917133078573E-4 2.5244809481346703E-4 2.2344234532901613E-4 1.977692948050248E-4 1.750460232149987E-4 1.5493360722954494E-4 1.3713206508939504E-4 1.213758823017711E-4 1.0743005142473213E-4 9.50865668718781E-5 0 0 0 0 0 0 0 0 0 0 0 0 0 0 0 0 0 0 0 0 0 0 0 0 0 0 0 0 0 0 0 0 0 0 0 0 0 0 0 0 0 0 0 0 0 0 0 0 0 0 0 0 0 0 0 0 0 0 0 0 0 0 0 0 0 0 0 0 0 0 0 0 0 ];
Cin_vascular__1 = 0:.1:20;

% JSim data: Cout_v(time) units=dimensionless;
Cout_v = [ 0 0 4.612905008330188E-15 1.3871312410339287E-13 7.254731212470722E-13 2.7231003910110907E-12 9.225458938444397E-12 2.9775997639758245E-11 9.28361623686591E-11 2.806312404679545E-10 8.233759785092332E-10 2.3455020148333006E-9 6.48780318357467E-9 1.7427304044304037E-8 4.5460833320021266E-8 1.1517337128452709E-7 2.8339445634628646E-7 6.772804113097664E-7 1.5722540638307692E-6 3.5454838780424325E-6 7.766924682073295E-6 1.6530069842701778E-5 3.4180920920334756E-5 6.867790943942964E-5 1.3409374514594674E-4 2.5444672792218626E-4 4.6927257790230215E-4 8.412913884967566E-4 .001466270419768989 .0024847325403243303 .004094631411135197 .0065627796575427055 .010232197120785713 .015522447414696217 .022916482761502266 .032933901995420456 .046085175126791 .06281138211488724 .08341541886329651 .10797540098428726 .13629381358623505 .16785134375095367 .2017962634563446 .2369808405637741 .2720356285572052 .30549848079681396 .3359447419643402 .3620857894420624 .38295528292655945 .3979370594024658 .4068138003349304 .4097626805305481 .40729913115501404 .4001929759979248 .38933631777763367 .3756992220878601 .36021944880485535 .34370869398117065 .3268777132034302 .31025516986846924 .29423701763153076 .2790813148021698 .264934778213501 .25186705589294434 .23986563086509705 .22889403998851776 .21889963746070862 .20979495346546173 .20150208473205566 .19393756985664368 .18703342974185944 .18071570992469788 .17491896450519562 .16959024965763092 .16467562317848206 .16013233363628387 .15591655671596527 .15199550986289978 .1483384370803833 .14491340517997742 .14169754087924957 .1386691778898239 .13580729067325592 .13309966027736664 .1305241882801056 .12807339429855347 .12573117017745972 .12348578870296478 .12133335322141647 .11925996840000153 .11726337671279907 .11533185094594955 .1134614422917366 .11164949834346771 .10988686978816986 .10817545652389526 .10650507360696793 .10487588495016098 .10328680276870728 .10172982513904572 .10021016001701355 .09871862828731537 .09725639224052429 .09582445025444031 .09441561996936798 .09303466230630875 .09167611598968506 .09033912420272827 .08902683109045029 .08773306757211685 .08646141737699509 .0852084830403328 .08397313207387924 .08275900036096573 .08156050741672516 .08038045465946198 .07921738177537918 .07806926965713501 .07693935930728912 .0758238136768341 .07472506910562515 .07364088296890259 .07257030159235 .07151693850755692 .07047570496797562 .0694502666592598 .06843804568052292 .06743872165679932 .06645536422729492 .0654819905757904 .06451361626386642 .06355689465999603 .06262083351612091 .061702925711870193 .06079637631773949 .059903208166360855 .05902187526226044 .05815143510699272 .0572943277657032 .056447967886924744 .055612798780202866 .054789625108242035 .05397672578692436 .0531756728887558 .05238531529903412 .05160551145672798 .050837013870477676 .05007849261164665 .04933048412203789 .04859296977519989 .0478656105697155 .04714857041835785 .04644080251455307 .045743826776742935 .04505562037229538 .04437762871384621 .04370933026075363 .04304946959018707 .0424003042280674 .04175875335931778 .04112722724676132 .04050564765930176 .03989114239811897 .039285365492105484 .03868914395570755 .03810090199112892 .03752150014042854 .03694972023367882 .03638577088713646 .035831350833177567 .0352838896214962 .03474453464150429 .03421330451965332 .03368836268782616 .033172883093357086 .03266388922929764 .03216233104467392 .0316687747836113 .03118055686354637 .03070145659148693 .030228806659579277 .029762521386146545 .02930387295782566 .02885054051876068 .028405511751770973 .02796640247106552 .027533506974577904 .027107395231723785 .02668675035238266 .02627354860305786 .02586575597524643 .025464244186878204 .0250684916973114 .024678239598870277 .024294734001159668 .0239164587110281 .023544082418084145 .023176826536655426 .022814733907580376 .02245916984975338 .022108444944024086 ];
Cout_v__1 = 0:.1:20;

% JSim data: Cout_e(time) units=dimensionless;
