% JSim data: Cin_vascular(time) units=dimensionless;
Cin_vascular = [ 0 9.076615589503935E-15 8.198869786887494E-13 5.166508584633063E-11 2.28561900587844E-9 7.107074744173296E-8 1.5555528729905598E-6 2.4009700850144114E-5 2.619653456022886E-4 .0020270195640394633 .01117267340494453 .04414375407998086 .12617152217942942 .2644435874770227 .41481889192892885 .5020909862783717 .4898845371716987 .40781806922775476 .30811093181278854 .22236474737633916 .1579815695583274 .11181678813563621 .07909232496807028 .05594098594467652 .039566110268046295 .02798442937375926 .019792905394480077 .013999181422739435 .009901380146111772 .007003075811173496 .004953155024181407 .0035032813231051264 .002477810601303672 .0017525128043359949 .0012395221522361992 8.766926906798807E-4 6.200696554756411E-4 4.385645982100177E-4 3.1018919423750227E-4 2.1939147987415662E-4 1.551718187981713E-4 1.097503575022321E-4 7.762453946315241E-5 5.490250113075006E-5 3.883159438057413E-5 2.7464918557105385E-5 1.9425464325662258E-5 1.373929667706788E-5 9.717568137154577E-6 6.873068739963681E-6 4.861203259656072E-6 3.438245422206506E-6 2.431811827625661E-6 1.7199786631824802E-6 1.216511313990692E-6 8.604175207203475E-7 6.085585077988106E-7 4.304229615225167E-7 0 0 0 0 0 0 0 0 0 0 ];
Cin_vascular__1 = 0:.3:20.099999999999998;

% JSim data: Cout_v(time) units=dimensionless;
Cout_v = [ 0 0 0 0 3.870889974821571E-24 2.620513143651667E-18 1.5844866185508511E-15 1.4304509454114017E-13 8.909698499814933E-12 3.96374016942147E-10 1.261775750549532E-8 2.8824391051784914E-7 4.745453679788625E-6 5.660126407747157E-5 4.920056671835482E-4 .003136012237519026 .014747642911970615 .051502324640750885 .13462018966674805 .26629918813705444 .4053990840911865 .4871639311313629 .47934189438819885 .40510591864585876 .3101753294467926 .22557128965854645 .16072699427604675 .11384505778551102 .08053701370954514 .05696402117609978 .040289849042892456 .028496362268924713 .0201550479978323 .014255329966545105 .010082666762173176 .0071312920190393925 .0050438400357961655 .003567421343177557 .0025231698527932167 .0017846014816313982 .001262216130271554 8.927439339458942E-4 6.314226193353534E-4 4.4659373816102743E-4 3.1586913974024355E-4 2.2340849682223052E-4 1.5801299014128745E-4 1.1175988765899092E-4 7.904574158601463E-5 5.5907883506733924E-5 3.9542632293887436E-5 2.796782246150542E-5 1.9781162336585112E-5 1.3990860679768957E-5 9.895637049339712E-6 6.998971002758481E-6 4.950229595124256E-6 3.5012160424230387E-6 2.4763232886471087E-6 1.7514587398181902E-6 1.238753952748084E-6 8.761448953009676E-7 6.195955393195618E-7 3.93007894672337E-7 6.384920681057338E-8 5.290236027022388E-10 4.557109897773692E-13 1.0068953282741766E-16 ];
Cout_v__1 = 0:.3:20.099999999999998;

% JSim data: Cout_e(time) units=dimensionless;
Cout_e = [ 0 0 0 0 2.4881958793946223E-24 1.5083035662033062E-18 8.446799956059463E-16 7.576943494283159E-14 4.701259780776068E-12 2.0843014814087013E-10 6.612995040455871E-9 1.505553797187531E-7 2.4695577849342953E-6 2.9337263185880147E-5 2.539037959650159E-4 .0016109837451949716 .00754146184772253 .026224367320537567 .06829527020454407 .13472780585289001 .2048249989748001 .24633072316646576 .24338316917419434 .20760244131088257 .16158272325992584 .1205454096198082 .08908727765083313 .06632860004901886 .050139643251895905 .0386616587638855 .030521972104907036 .024744149297475815 .020637042820453644 .017711617052555084 .015622301958501339 .014124267734587193 .013044644147157669 .012261073105037212 .011686977930366993 .011261255480349064 .010940507985651493 .01069414522498846 .010500517673790455 .010344266891479492 .01021465752273798 .010103926993906498 .010006687603890896 .009919102303683758 .009838429279625416 .0097628403455019 .009690885432064533 .0096216332167387 .009554403834044933 .009488685987889767 .00942434836179018 .009360816329717636 .009298070333898067 .00923604890704155 .009174485690891743 .009113553911447525 .00905297975987196 .00899290107190609 .008933295495808125 .008873951621353626 .008815030567348003 .008756488561630249 .008698388002812862 .00864070001989603 ];
Cout_e__1 = 0:.3:20.099999999999998;

% JSim data: Cout_p(time) units=dimensionless;
Cout_p = [ 0 0 0 0 1.938425698341163E-24 1.105066252473506E-18 5.954392803269475E-16 5.327792176076755E-14 3.3003886082405565E-12 1.461378518197165E-10 4.632082273303695E-9 1.053782909821166E-7 1.7276091739404364E-6 2.051773844868876E-5 1.775929267751053E-4 .0011275915894657373 .005287259817123413 .018443256616592407 .04829239100217819 .09612755477428436 .14827919006347656 .18247991800308228 .18681058287620544 .16785229742527008 .1401796191930771 .11407263576984406 .09301337599754333 .07684973627328873 .06450553983449936 .0549868680536747 .047544609755277634 .04163862392306328 .03687994182109833 .032987214624881744 .029756711795926094 .02703877165913582 .024723626673221588 .022729583084583282 .020995255559682846 .01947426050901413 .01813056692481041 .016936294734477997 .01586933434009552 .014911888167262077 .014049629680812359 .013270478695631027 .012564488686621189 .011923199519515038 .011339343152940273 .010806778445839882 .01031996589154005 .009874183684587479 .00946524553000927 .00908941961824894 .008743618614971638 .008424601517617702 .008129909634590149 .00785725936293602 .0076044159941375256 .007369705010205507 .0071512567810714245 .006947705987840891 .006757695227861404 .006579856853932142 .0064132316038012505 .006256795953959227 .006109721027314663 .0059711867943406105 ];
Cout_p__1 = 0:.3:20.099999999999998;

% JSim data: if (Cout_v>Cout_e) Fp*ln(Cout_e/Cout_v)*(-1) else 0(time) units=dimensionless;
if__Cout_v_Cout_e__Fp_ln_Cout_e_Cout_v____1__else_0 = [ 0 0 0 0 .44192654681920146 .5523846017760418 .6290578816705323 .6354649486063217 .6393098912424621 .6427542885349923 .6460684888994493 .6494760451718715 .6531479394984335 .6571728294014495 .6615347958626121 .6661069904918933 .6706672252017213 .6749379163659802 .6786168896069243 .6813639540146957 .6827160237208534 .6819256445261479 .6777770804602437 .6685236495258963 .6521204866089724 .6266097241125456 .5900907009788917 .5402172042251011 .47390489871921265 .38757148177902184 .27765273129830026 .14118737039259244 0 0 0 0 0 0 0 0 0 0 0 0 0 0 0 0 0 0 0 0 0 0 0 0 0 0 0 0 0 0 0 0 0 0 0 0 ];
if__Cout_v_Cout_e__Fp_ln_Cout_e_Cout_v____1__else_0__1 = 0:.3:20.099999999999998;

% JSim data: if (Cout_v>Cout_p) Fp*ln(Cout_p/Cout_v)*(-1) else 0(time) units=dimensionless;
if__Cout_v_Cout_p__Fp_ln_Cout_p_Cout_v____1__else_0 = [ 0 0 0 0 .6916083003234047 .8634648647892856 .9787163144663719 .9876379075104282 .9931001808934198 .997807885947881 1.0020986455703869 1.0062503862476988 1.010448567357348 1.0147415163074107 1.0189962320435015 1.0228679833129994 1.0257831487546183 1.026928136665025 1.025183391424643 1.018944439038787 1.0057750586860366 .981960552044899 .942318932087512 .8810641497311603 .7942131219486143 .6818008480008602 .5469639272107227 .39298634341923033 .22196576736362528 .035325467038752195 0 0 0 0 0 0 0 0 0 0 0 0 0 0 0 0 0 0 0 0 0 0 0 0 0 0 0 0 0 0 0 0 0 0 0 0 0 0 ];
if__Cout_v_Cout_p__Fp_ln_Cout_p_Cout_v____1__else_0__1 = 0:.3:20.099999999999998;

% JSim data: e_PSg units=ml/(g*min);
e_PSg = [ .7 ];

% JSim data: p_PSg+p_PSecl units=dimensionless;
p_PSg_p_PSecl = [ 1.1 ];

