% JSim data: Cin_vascular(time) units=dimensionless;
Cin_vascular = [ .180448873294519 .3640600462298508 .7809905238862381 1.65709003688909 4.1438429566800075 7.882659292804265 12.409814271625924 17.78336782930805 23.484235178595966 29.861248416263138 36.55442756910064 43.15227580267403 47.77334216540223 51.37879352608081 52.055143576139756 52.07105546499114 50.96736348369149 47.66065858532704 45.83168540608983 44.70710456138119 42.95323246140162 39.461481128278876 35.650217499759215 31.093515259834042 26.737492675711266 22.7856165996409 19.49572598788359 16.904053489926035 14.688174346958277 12.721890622049049 11.003977322326703 9.426274251551394 8.099794388971482 7.200063177912805 6.56101813011216 6.241489556424498 6.099583088065919 6.326710441748313 6.9251659534195555 7.786820276562405 8.88411359839226 9.589604317106419 10.238011503749444 11.311225917168045 12.541693813820427 13.336716690571484 13.899939022873916 14.042653388388848 14.103656504067446 14.013672732035296 13.935549837296048 13.9958503008449 14.05043214609013 13.780269294170493 13.342768203891083 12.739918103816981 12.010244800163537 11.240864537627049 10.612119687092042 10.186635978967278 9.82924328888394 9.282849483948368 8.720882513639824 8.128159317225279 7.710611869301111 7.457735141296789 7.2189311546042845 6.9258129737315075 6.701108618057059 6.542667621514837 6.409381831885423 6.172396862465217 6.097505416068899 6.214407042796243 6.304565709806613 6.404007548415326 6.434726158668148 6.369227795439434 6.357304814732756 6.4132023438015135 6.531256471278221 6.767391162669919 6.885538916377959 6.959919025253044 6.952769459861391 6.842882034492432 6.835490802420017 6.937821113616169 7.026505455591994 7.174220373869318 7.123023551585439 6.941220479570034 6.848673812835939 6.8165632815588 ];
Cin_vascular__1 = 0:.65392:60.81455999999999;

% JSim data: Cout_v(time) units=dimensionless;
Cout_v = [ .009812436066567898 .04051186144351959 .10540952533483505 .23773862421512604 .5482787489891052 1.1933386325836182 2.272820472717285 3.8145813941955566 5.79603385925293 8.18880558013916 10.972723960876465 14.103753089904785 17.412687301635742 20.67598533630371 23.639923095703125 26.136320114135742 28.13251304626465 29.57903480529785 30.538936614990234 31.232526779174805 31.799118041992188 32.147159576416016 32.13222122192383 31.69154167175293 30.858285903930664 29.734342575073242 28.446775436401367 27.110790252685547 25.79652214050293 24.521930694580078 23.280683517456055 22.063312530517578 20.86856460571289 19.717334747314453 18.637460708618164 17.6496639251709 16.7625789642334 15.985298156738281 15.337811470031738 14.837889671325684 14.492310523986816 14.267341613769531 14.110296249389648 14.016046524047852 14.016209602355957 14.102306365966797 14.22407054901123 14.325895309448242 14.379204750061035 14.38217830657959 14.34781551361084 14.300528526306152 14.26098918914795 14.21742057800293 14.138773918151855 14.00179672241211 13.797845840454102 13.530240058898926 13.217791557312012 12.892722129821777 12.580092430114746 12.2744722366333 11.955842018127441 11.612812042236328 11.254980087280273 10.90612506866455 10.581290245056152 10.275554656982422 9.980448722839355 9.697127342224121 9.429824829101562 9.172845840454102 8.925073623657227 8.7031831741333 8.519030570983887 8.368674278259277 8.239158630371094 8.114574432373047 7.988714218139648 7.868875026702881 7.7666850090026855 7.693646430969238 7.647914409637451 7.615839958190918 7.583016395568848 7.537638187408447 7.480982780456543 7.428969860076904 7.3937883377075195 7.3785529136657715 7.371177673339844 7.349147319793701 7.305276393890381 7.252065658569336 ];
Cout_v__1 = 0:.65392:60.81455999999999;

% JSim data: Cout_e(time) units=dimensionless;
Cout_e = [ 0 0 0 0 0 0 0 0 0 0 0 0 0 0 0 0 0 0 0 0 0 0 0 0 0 0 0 0 0 0 0 0 0 0 0 0 0 0 0 0 0 0 0 0 0 0 0 0 0 0 0 0 0 0 0 0 0 0 0 0 0 0 0 0 0 0 0 0 0 0 0 0 0 0 0 0 0 0 0 0 0 0 0 0 0 0 0 0 0 0 0 0 0 0 ];
Cout_e__1 = 0:.65392:60.81455999999999;

% JSim data: Cout_p(time) units=dimensionless;
Cout_p = [ 0 0 0 0 0 0 0 0 0 0 0 0 0 0 0 0 0 0 0 0 0 0 0 0 0 0 0 0 0 0 0 0 0 0 0 0 0 0 0 0 0 0 0 0 0 0 0 0 0 0 0 0 0 0 0 0 0 0 0 0 0 0 0 0 0 0 0 0 0 0 0 0 0 0 0 0 0 0 0 0 0 0 0 0 0 0 0 0 0 0 0 0 0 0 ];
Cout_p__1 = 0:.65392:60.81455999999999;

% JSim data: if (Cout_v>Cout_e) Fp*ln(Cout_e/Cout_v)*(-1) else 0(time) units=dimensionless;
if__Cout_v_Cout_e__Fp_ln_Cout_e_Cout_v____1__else_0 = [ Infinity Infinity Infinity Infinity Infinity Infinity Infinity Infinity Infinity Infinity Infinity Infinity Infinity Infinity Infinity Infinity Infinity Infinity Infinity Infinity Infinity Infinity Infinity Infinity Infinity Infinity Infinity Infinity Infinity Infinity Infinity Infinity Infinity Infinity Infinity Infinity Infinity Infinity Infinity Infinity Infinity Infinity Infinity Infinity Infinity Infinity Infinity Infinity Infinity Infinity Infinity Infinity Infinity Infinity Infinity Infinity Infinity Infinity Infinity Infinity Infinity Infinity Infinity Infinity Infinity Infinity Infinity Infinity Infinity Infinity Infinity Infinity Infinity Infinity Infinity Infinity Infinity Infinity Infinity Infinity Infinity Infinity Infinity Infinity Infinity Infinity Infinity Infinity Infinity Infinity Infinity Infinity Infinity Infinity ];
if__Cout_v_Cout_e__Fp_ln_Cout_e_Cout_v____1__else_0__1 = 0:.65392:60.81455999999999;

% JSim data: if (Cout_v>Cout_p) Fp*ln(Cout_p/Cout_v)*(-1) else 0(time) units=dimensionless;
if__Cout_v_Cout_p__Fp_ln_Cout_p_Cout_v____1__else_0 = [ Infinity Infinity Infinity Infinity Infinity Infinity Infinity Infinity Infinity Infinity Infinity Infinity Infinity Infinity Infinity Infinity Infinity Infinity Infinity Infinity Infinity Infinity Infinity Infinity Infinity Infinity Infinity Infinity Infinity Infinity Infinity Infinity Infinity Infinity Infinity Infinity Infinity Infinity Infinity Infinity Infinity Infinity Infinity Infinity Infinity Infinity Infinity Infinity Infinity Infinity Infinity Infinity Infinity Infinity Infinity Infinity Infinity Infinity Infinity Infinity Infinity Infinity Infinity Infinity Infinity Infinity Infinity Infinity Infinity Infinity Infinity Infinity Infinity Infinity Infinity Infinity Infinity Infinity Infinity Infinity Infinity Infinity Infinity Infinity Infinity Infinity Infinity Infinity Infinity Infinity Infinity Infinity Infinity Infinity ];
if__Cout_v_Cout_p__Fp_ln_Cout_p_Cout_v____1__else_0__1 = 0:.65392:60.81455999999999;

% JSim data: e_PSg units=ml/(g*min);
e_PSg = [ .7 ];

% JSim data: p_PSg+p_PSecl units=dimensionless;
p_PSg_p_PSecl = [ 1.1 ];

% JSim data: time/time.max*3(time) units=dimensionless;
