% JSim data: Cin_vascular(time) units=dimensionless;
Cin_vascular = [ .180448873294519 .3640600462298508 .7809905238862381 1.657090036889091 4.1438429566800075 7.882659292804265 12.409814271625926 17.78336782930806 23.484235178595966 29.861248416263138 36.55442756910064 43.15227580267403 47.773342165402234 51.37879352608081 52.055143576139756 52.071055464991126 50.96736348369149 47.66065858532704 45.83168540608983 44.70710456138119 42.95323246140162 39.461481128278876 35.650217499759215 31.09351525983403 26.737492675711252 22.7856165996409 19.49572598788359 16.904053489926035 14.688174346958267 12.721890622049038 11.003977322326694 9.426274251551394 8.099794388971482 7.200063177912802 6.561018130112158 6.241489556424499 6.099583088065919 6.326710441748313 6.9251659534195555 7.786820276562417 8.88411359839226 9.589604317106419 10.238011503749444 11.311225917168052 12.541693813820427 13.336716690571487 13.899939022873918 14.042653388388848 14.103656504067446 14.013672732035296 13.935549837296048 13.9958503008449 14.05043214609013 13.780269294170493 13.342768203891083 12.739918103816974 12.010244800163528 11.240864537627049 10.612119687092036 10.186635978967278 9.829243288883934 9.282849483948368 8.720882513639824 8.128159317225279 7.710611869301111 7.457735141296789 7.218931154604282 6.925812973731506 6.701108618057058 6.542667621514837 6.409381831885425 6.172396862465217 6.097505416068899 6.214407042796244 6.304565709806613 6.404007548415326 6.434726158668148 6.369227795439433 6.357304814732758 6.413202343801515 6.531256471278221 6.767391162669919 6.885538916377959 6.959919025253043 6.952769459861391 6.842882034492432 6.835490802420019 6.93782111361617 7.026505455591994 7.174220373869318 7.123023551585438 6.941220479570034 6.84867381283594 6.8165632815588 6.8165632815588 6.8165632815588 6.8165632815588 6.8165632815588 6.8165632815588 6.8165632815588 ];
Cin_vascular__1 = 0:.65392:64.73808;

% JSim data: Cout_v(time) units=dimensionless;
Cout_v = [ 4.3499208597441757E-20 2.2577756681130268E-5 2.1054457465652376E-4 .001018703798763454 .0034927851520478725 .009833131916821003 .024693815037608147 .057236362248659134 .12288105487823486 .24328301846981049 .44409048557281494 .7512130737304688 1.1871851682662964 1.7683807611465454 2.5021603107452393 3.3844289779663086 4.396505832672119 5.504429340362549 6.662020683288574 7.815347194671631 8.911186218261719 9.90528392791748 10.767306327819824 11.484878540039062 12.057324409484863 12.489834785461426 12.788397789001465 12.956161499023438 12.999138832092285 12.925800323486328 12.749913215637207 12.49213981628418 12.175305366516113 11.822868347167969 11.455621719360352 11.0892333984375 10.735965728759766 10.404043197631836 10.099562644958496 9.827134132385254 9.590632438659668 9.393524169921875 9.239084243774414 9.130084037780762 9.067708015441895 9.051231384277344 9.077844619750977 9.143503189086914 9.24355697631836 9.372047424316406 9.52195930480957 9.684530258178711 9.850736618041992 10.01206111907959 10.162397384643555 10.297995567321777 10.417075157165527 10.51904296875 10.602879524230957 10.66739273071289 10.71092414855957 10.732335090637207 10.731962203979492 10.711565971374512 10.674344062805176 10.623546600341797 10.562012672424316 10.492045402526855 10.415508270263672 10.33469009399414 10.25162124633789 10.168365478515625 10.086319923400879 10.006818771362305 9.930474281311035 9.85768985748291 9.789024353027344 9.725057601928711 9.666831016540527 9.614925384521484 9.569328308105469 9.529383659362793 9.493966102600098 9.462339401245117 9.434065818786621 9.409229278564453 9.387947082519531 9.369805335998535 9.354073524475098 9.339417457580566 9.324756622314453 9.309552192687988 9.293689727783203 9.277572631835938 9.261002540588379 9.243483543395996 9.224247932434082 9.202582359313965 9.178604125976562 9.152652740478516 ];
Cout_v__1 = 0:.65392:64.73808;

% JSim data: Cout_e(time) units=dimensionless;
Cout_e = [ 0 0 0 0 0 0 0 0 0 0 0 0 0 0 0 0 0 0 0 0 0 0 0 0 0 0 0 0 0 0 0 0 0 0 0 0 0 0 0 0 0 0 0 0 0 0 0 0 0 0 0 0 0 0 0 0 0 0 0 0 0 0 0 0 0 0 0 0 0 0 0 0 0 0 0 0 0 0 0 0 0 0 0 0 0 0 0 0 0 0 0 0 0 0 0 0 0 0 0 0 ];
Cout_e__1 = 0:.65392:64.73808;

% JSim data: Cout_p(time) units=dimensionless;
Cout_p = [ 0 0 0 0 0 0 0 0 0 0 0 0 0 0 0 0 0 0 0 0 0 0 0 0 0 0 0 0 0 0 0 0 0 0 0 0 0 0 0 0 0 0 0 0 0 0 0 0 0 0 0 0 0 0 0 0 0 0 0 0 0 0 0 0 0 0 0 0 0 0 0 0 0 0 0 0 0 0 0 0 0 0 0 0 0 0 0 0 0 0 0 0 0 0 0 0 0 0 0 0 ];
Cout_p__1 = 0:.65392:64.73808;

% JSim data: if (Cout_v>Cout_e) Fp*ln(Cout_e/Cout_v)*(-1) else 0(time) units=dimensionless;
if__Cout_v_Cout_e__Fp_ln_Cout_e_Cout_v____1__else_0 = [ Infinity Infinity Infinity Infinity Infinity Infinity Infinity Infinity Infinity Infinity Infinity Infinity Infinity Infinity Infinity Infinity Infinity Infinity Infinity Infinity Infinity Infinity Infinity Infinity Infinity Infinity Infinity Infinity Infinity Infinity Infinity Infinity Infinity Infinity Infinity Infinity Infinity Infinity Infinity Infinity Infinity Infinity Infinity Infinity Infinity Infinity Infinity Infinity Infinity Infinity Infinity Infinity Infinity Infinity Infinity Infinity Infinity Infinity Infinity Infinity Infinity Infinity Infinity Infinity Infinity Infinity Infinity Infinity Infinity Infinity Infinity Infinity Infinity Infinity Infinity Infinity Infinity Infinity Infinity Infinity Infinity Infinity Infinity Infinity Infinity Infinity Infinity Infinity Infinity Infinity Infinity Infinity Infinity Infinity Infinity Infinity Infinity Infinity Infinity Infinity ];
if__Cout_v_Cout_e__Fp_ln_Cout_e_Cout_v____1__else_0__1 = 0:.65392:64.73808;

% JSim data: if (Cout_v>Cout_p) Fp*ln(Cout_p/Cout_v)*(-1) else 0(time) units=dimensionless;
if__Cout_v_Cout_p__Fp_ln_Cout_p_Cout_v____1__else_0 = [ Infinity Infinity Infinity Infinity Infinity Infinity Infinity Infinity Infinity Infinity Infinity Infinity Infinity Infinity Infinity Infinity Infinity Infinity Infinity Infinity Infinity Infinity Infinity Infinity Infinity Infinity Infinity Infinity Infinity Infinity Infinity Infinity Infinity Infinity Infinity Infinity Infinity Infinity Infinity Infinity Infinity Infinity Infinity Infinity Infinity Infinity Infinity Infinity Infinity Infinity Infinity Infinity Infinity Infinity Infinity Infinity Infinity Infinity Infinity Infinity Infinity Infinity Infinity Infinity Infinity Infinity Infinity Infinity Infinity Infinity Infinity Infinity Infinity Infinity Infinity Infinity Infinity Infinity Infinity Infinity Infinity Infinity Infinity Infinity Infinity Infinity Infinity Infinity Infinity Infinity Infinity Infinity Infinity Infinity Infinity Infinity Infinity Infinity Infinity Infinity ];
if__Cout_v_Cout_p__Fp_ln_Cout_p_Cout_v____1__else_0__1 = 0:.65392:64.73808;

% JSim data: e_PSg units=ml/(g*min);
e_PSg = [ .7 ];

% JSim data: p_PSg+p_PSecl units=dimensionless;
p_PSg_p_PSecl = [ 1.1 ];

% JSim data: time/time.max*3(time) units=dimensionless;
