% JSim data: Cin_vascular(time) units=dimensionless;
Cin_vascular = [ .180448873294519 .3640600462298508 .7809905238862381 1.65709003688909 4.1438429566800075 7.882659292804265 12.409814271625924 17.78336782930805 23.484235178595966 29.861248416263138 36.55442756910064 43.15227580267403 47.77334216540223 51.37879352608081 52.055143576139756 52.07105546499114 50.96736348369149 47.66065858532704 45.83168540608983 44.70710456138119 42.95323246140162 39.461481128278876 35.650217499759215 31.093515259834042 26.737492675711266 22.7856165996409 19.49572598788359 16.904053489926035 14.688174346958277 12.721890622049049 11.003977322326703 9.426274251551394 8.099794388971482 7.200063177912805 6.56101813011216 6.241489556424498 6.099583088065919 6.326710441748313 6.9251659534195555 7.786820276562405 8.88411359839226 9.589604317106419 10.238011503749444 11.311225917168045 12.541693813820427 13.336716690571484 13.899939022873916 14.042653388388848 14.103656504067446 14.013672732035296 13.935549837296048 13.9958503008449 14.05043214609013 13.780269294170493 13.342768203891083 12.739918103816981 12.010244800163537 11.240864537627049 10.612119687092042 10.186635978967278 9.82924328888394 9.282849483948368 8.720882513639824 8.128159317225279 7.710611869301111 7.457735141296789 7.2189311546042845 6.9258129737315075 6.701108618057059 6.542667621514837 6.409381831885423 6.172396862465217 6.097505416068899 6.214407042796243 6.304565709806613 6.404007548415326 6.434726158668148 6.369227795439434 6.357304814732756 6.4132023438015135 6.531256471278221 6.767391162669919 6.885538916377959 6.959919025253044 6.952769459861391 6.842882034492432 6.835490802420017 6.937821113616169 7.026505455591994 7.174220373869318 7.123023551585439 6.941220479570034 6.848673812835939 6.8165632815588 ];
Cin_vascular__1 = 0:.65392:60.81455999999999;

% JSim data: Cout_v(time) units=dimensionless;
Cout_v = [ 6.616853352170438E-5 .0011733139399439096 .006345995701849461 .02128985896706581 .05634123459458351 .13471557199954987 .3036356568336487 .6335261464118958 1.2006494998931885 2.065089464187622 3.258404016494751 4.784662246704102 6.626258850097656 8.739251136779785 11.041970252990723 13.409008026123047 15.686209678649902 17.72359275817871 19.403953552246094 20.659526824951172 21.48853302001953 21.95398712158203 22.143272399902344 22.116310119628906 21.886371612548828 21.440401077270508 20.77124786376953 19.90017318725586 18.88118553161621 17.787694931030273 16.691905975341797 15.648294448852539 14.686883926391602 13.817065238952637 13.03702163696289 12.343324661254883 11.73595142364502 11.217445373535156 10.791191101074219 10.460612297058105 10.230359077453613 10.105299949645996 10.08556842803955 10.160775184631348 10.311602592468262 10.52017879486084 10.775211334228516 11.066418647766113 11.376686096191406 11.681291580200195 11.955015182495117 12.180020332336426 12.350512504577637 12.472095489501953 12.556056022644043 12.610064506530762 12.63366413116455 12.620112419128418 12.561320304870605 12.4537353515625 12.3016996383667 12.117881774902344 11.917943000793457 11.7129545211792 11.506614685058594 11.297640800476074 11.085893630981445 10.87561321258545 10.673046112060547 10.482909202575684 10.306737899780273 10.144330024719238 9.994433403015137 9.85544204711914 9.726848602294922 9.611114501953125 9.51230525970459 9.432526588439941 9.369844436645508 9.318431854248047 9.272186279296875 9.22805404663086 9.187202453613281 9.153691291809082 9.130309104919434 9.115984916687012 9.105642318725586 9.09255313873291 9.07270622253418 9.046808242797852 9.019342422485352 8.994686126708984 8.97282886505127 8.94936752319336 ];
Cout_v__1 = 0:.65392:60.81455999999999;

% JSim data: Cout_e(time) units=dimensionless;
Cout_e = [ 0 0 0 0 0 0 0 0 0 0 0 0 0 0 0 0 0 0 0 0 0 0 0 0 0 0 0 0 0 0 0 0 0 0 0 0 0 0 0 0 0 0 0 0 0 0 0 0 0 0 0 0 0 0 0 0 0 0 0 0 0 0 0 0 0 0 0 0 0 0 0 0 0 0 0 0 0 0 0 0 0 0 0 0 0 0 0 0 0 0 0 0 0 0 ];
Cout_e__1 = 0:.65392:60.81455999999999;

% JSim data: Cout_p(time) units=dimensionless;
Cout_p = [ 0 0 0 0 0 0 0 0 0 0 0 0 0 0 0 0 0 0 0 0 0 0 0 0 0 0 0 0 0 0 0 0 0 0 0 0 0 0 0 0 0 0 0 0 0 0 0 0 0 0 0 0 0 0 0 0 0 0 0 0 0 0 0 0 0 0 0 0 0 0 0 0 0 0 0 0 0 0 0 0 0 0 0 0 0 0 0 0 0 0 0 0 0 0 ];
Cout_p__1 = 0:.65392:60.81455999999999;

% JSim data: if (Cout_v>Cout_e) Fp*ln(Cout_e/Cout_v)*(-1) else 0(time) units=dimensionless;
if__Cout_v_Cout_e__Fp_ln_Cout_e_Cout_v____1__else_0 = [ Infinity Infinity Infinity Infinity Infinity Infinity Infinity Infinity Infinity Infinity Infinity Infinity Infinity Infinity Infinity Infinity Infinity Infinity Infinity Infinity Infinity Infinity Infinity Infinity Infinity Infinity Infinity Infinity Infinity Infinity Infinity Infinity Infinity Infinity Infinity Infinity Infinity Infinity Infinity Infinity Infinity Infinity Infinity Infinity Infinity Infinity Infinity Infinity Infinity Infinity Infinity Infinity Infinity Infinity Infinity Infinity Infinity Infinity Infinity Infinity Infinity Infinity Infinity Infinity Infinity Infinity Infinity Infinity Infinity Infinity Infinity Infinity Infinity Infinity Infinity Infinity Infinity Infinity Infinity Infinity Infinity Infinity Infinity Infinity Infinity Infinity Infinity Infinity Infinity Infinity Infinity Infinity Infinity Infinity ];
if__Cout_v_Cout_e__Fp_ln_Cout_e_Cout_v____1__else_0__1 = 0:.65392:60.81455999999999;

% JSim data: if (Cout_v>Cout_p) Fp*ln(Cout_p/Cout_v)*(-1) else 0(time) units=dimensionless;
if__Cout_v_Cout_p__Fp_ln_Cout_p_Cout_v____1__else_0 = [ Infinity Infinity Infinity Infinity Infinity Infinity Infinity Infinity Infinity Infinity Infinity Infinity Infinity Infinity Infinity Infinity Infinity Infinity Infinity Infinity Infinity Infinity Infinity Infinity Infinity Infinity Infinity Infinity Infinity Infinity Infinity Infinity Infinity Infinity Infinity Infinity Infinity Infinity Infinity Infinity Infinity Infinity Infinity Infinity Infinity Infinity Infinity Infinity Infinity Infinity Infinity Infinity Infinity Infinity Infinity Infinity Infinity Infinity Infinity Infinity Infinity Infinity Infinity Infinity Infinity Infinity Infinity Infinity Infinity Infinity Infinity Infinity Infinity Infinity Infinity Infinity Infinity Infinity Infinity Infinity Infinity Infinity Infinity Infinity Infinity Infinity Infinity Infinity Infinity Infinity Infinity Infinity Infinity Infinity ];
if__Cout_v_Cout_p__Fp_ln_Cout_p_Cout_v____1__else_0__1 = 0:.65392:60.81455999999999;

% JSim data: e_PSg units=ml/(g*min);
e_PSg = [ .7 ];

% JSim data: p_PSg+p_PSecl units=dimensionless;
p_PSg_p_PSecl = [ 1.1 ];

% JSim data: time/time.max*3(time) units=dimensionless;
