% JSim data: Cin_vascular(time) units=dimensionless;
Cin_vascular = [ .180448873294519 .3640600462298508 .7809905238862381 1.65709003688909 4.1438429566800075 7.882659292804265 12.409814271625924 17.78336782930805 23.484235178595966 29.861248416263138 36.55442756910064 43.15227580267403 47.77334216540223 51.37879352608081 52.055143576139756 52.07105546499114 50.96736348369149 47.66065858532704 45.83168540608983 44.70710456138119 42.95323246140162 39.461481128278876 35.650217499759215 31.093515259834042 26.737492675711266 22.7856165996409 19.49572598788359 16.904053489926035 14.688174346958277 12.721890622049049 11.003977322326703 9.426274251551394 8.099794388971482 7.200063177912805 6.56101813011216 6.241489556424498 6.099583088065919 6.326710441748313 6.9251659534195555 7.786820276562405 8.88411359839226 9.589604317106419 10.238011503749444 11.311225917168045 12.541693813820427 13.336716690571484 13.899939022873916 14.042653388388848 14.103656504067446 14.013672732035296 13.935549837296048 13.9958503008449 14.05043214609013 13.780269294170493 13.342768203891083 12.739918103816981 12.010244800163537 11.240864537627049 10.612119687092042 10.186635978967278 9.82924328888394 9.282849483948368 8.720882513639824 8.128159317225279 7.710611869301111 7.457735141296789 7.2189311546042845 6.9258129737315075 6.701108618057059 6.542667621514837 6.409381831885423 6.172396862465217 6.097505416068899 6.214407042796243 6.304565709806613 6.404007548415326 6.434726158668148 6.369227795439434 6.357304814732756 6.4132023438015135 6.531256471278221 6.767391162669919 6.885538916377959 6.959919025253044 6.952769459861391 6.842882034492432 6.835490802420017 6.937821113616169 7.026505455591994 7.174220373869318 7.123023551585439 6.941220479570034 6.848673812835939 6.8165632815588 ];
Cin_vascular__1 = 0:.65392:60.81455999999999;

% JSim data: Cout_v(time) units=dimensionless;
Cout_v = [ 3.40073734150792E-6 7.048832776490599E-5 4.128932487219572E-4 .001486514462158084 .004181296564638615 .010456913150846958 .02439107373356819 .0528048500418663 .10486964881420135 .19102375209331512 .32193076610565186 .5078083276748657 .7581831216812134 1.0810198783874512 1.481048345565796 1.9584733247756958 2.508527994155884 3.1222596168518066 3.788236379623413 4.494324684143066 5.229539394378662 5.985479354858398 6.756178855895996 7.535523891448975 8.314796447753906 9.084304809570312 9.83409595489502 10.554993629455566 11.240715980529785 11.887528419494629 12.493242263793945 13.056916236877441 13.577890396118164 14.055672645568848 14.489568710327148 14.879505157470703 15.226332664489746 15.530929565429688 15.795426368713379 16.022077560424805 16.213869094848633 16.37431526184082 16.506986618041992 16.615367889404297 16.702106475830078 16.769989013671875 16.821746826171875 16.859861373901367 16.886505126953125 16.902570724487305 16.908506393432617 16.904338836669922 16.89032554626465 16.86665916442871 16.83448600769043 16.794395446777344 16.746570587158203 16.690860748291016 16.626277923583984 16.552349090576172 16.468488693237305 16.37472915649414 16.271554946899414 16.159130096435547 16.03802490234375 15.90814208984375 15.769515991210938 15.622634887695312 15.467787742614746 15.305828094482422 15.137383460998535 14.963061332702637 14.783123016357422 14.598369598388672 14.409300804138184 14.21663761138916 14.021391868591309 13.824331283569336 13.626421928405762 13.428041458129883 13.229635238647461 13.031601905822754 12.834223747253418 12.638524055480957 12.445154190063477 12.254631996154785 12.067316055297852 11.883060455322266 11.702016830444336 11.524245262145996 11.350162506103516 11.180214881896973 11.014392852783203 10.852919578552246 ];
Cout_v__1 = 0:.65392:60.81455999999999;

% JSim data: Cout_e(time) units=dimensionless;
Cout_e = [ 0 0 0 0 0 0 0 0 0 0 0 0 0 0 0 0 0 0 0 0 0 0 0 0 0 0 0 0 0 0 0 0 0 0 0 0 0 0 0 0 0 0 0 0 0 0 0 0 0 0 0 0 0 0 0 0 0 0 0 0 0 0 0 0 0 0 0 0 0 0 0 0 0 0 0 0 0 0 0 0 0 0 0 0 0 0 0 0 0 0 0 0 0 0 ];
Cout_e__1 = 0:.65392:60.81455999999999;

% JSim data: Cout_p(time) units=dimensionless;
Cout_p = [ 0 0 0 0 0 0 0 0 0 0 0 0 0 0 0 0 0 0 0 0 0 0 0 0 0 0 0 0 0 0 0 0 0 0 0 0 0 0 0 0 0 0 0 0 0 0 0 0 0 0 0 0 0 0 0 0 0 0 0 0 0 0 0 0 0 0 0 0 0 0 0 0 0 0 0 0 0 0 0 0 0 0 0 0 0 0 0 0 0 0 0 0 0 0 ];
Cout_p__1 = 0:.65392:60.81455999999999;

% JSim data: if (Cout_v>Cout_e) Fp*ln(Cout_e/Cout_v)*(-1) else 0(time) units=dimensionless;
if__Cout_v_Cout_e__Fp_ln_Cout_e_Cout_v____1__else_0 = [ Infinity Infinity Infinity Infinity Infinity Infinity Infinity Infinity Infinity Infinity Infinity Infinity Infinity Infinity Infinity Infinity Infinity Infinity Infinity Infinity Infinity Infinity Infinity Infinity Infinity Infinity Infinity Infinity Infinity Infinity Infinity Infinity Infinity Infinity Infinity Infinity Infinity Infinity Infinity Infinity Infinity Infinity Infinity Infinity Infinity Infinity Infinity Infinity Infinity Infinity Infinity Infinity Infinity Infinity Infinity Infinity Infinity Infinity Infinity Infinity Infinity Infinity Infinity Infinity Infinity Infinity Infinity Infinity Infinity Infinity Infinity Infinity Infinity Infinity Infinity Infinity Infinity Infinity Infinity Infinity Infinity Infinity Infinity Infinity Infinity Infinity Infinity Infinity Infinity Infinity Infinity Infinity Infinity Infinity ];
if__Cout_v_Cout_e__Fp_ln_Cout_e_Cout_v____1__else_0__1 = 0:.65392:60.81455999999999;

% JSim data: if (Cout_v>Cout_p) Fp*ln(Cout_p/Cout_v)*(-1) else 0(time) units=dimensionless;
if__Cout_v_Cout_p__Fp_ln_Cout_p_Cout_v____1__else_0 = [ Infinity Infinity Infinity Infinity Infinity Infinity Infinity Infinity Infinity Infinity Infinity Infinity Infinity Infinity Infinity Infinity Infinity Infinity Infinity Infinity Infinity Infinity Infinity Infinity Infinity Infinity Infinity Infinity Infinity Infinity Infinity Infinity Infinity Infinity Infinity Infinity Infinity Infinity Infinity Infinity Infinity Infinity Infinity Infinity Infinity Infinity Infinity Infinity Infinity Infinity Infinity Infinity Infinity Infinity Infinity Infinity Infinity Infinity Infinity Infinity Infinity Infinity Infinity Infinity Infinity Infinity Infinity Infinity Infinity Infinity Infinity Infinity Infinity Infinity Infinity Infinity Infinity Infinity Infinity Infinity Infinity Infinity Infinity Infinity Infinity Infinity Infinity Infinity Infinity Infinity Infinity Infinity Infinity Infinity ];
if__Cout_v_Cout_p__Fp_ln_Cout_p_Cout_v____1__else_0__1 = 0:.65392:60.81455999999999;

% JSim data: e_PSg units=ml/(g*min);
e_PSg = [ .7 ];

% JSim data: p_PSg+p_PSecl units=dimensionless;
p_PSg_p_PSecl = [ 1.1 ];

% JSim data: time/time.max*3(time) units=dimensionless;
