% JSim data: Cin_vascular(time) units=dimensionless;
Cin_vascular = [ .180448873294519 .3640600462298508 .7809905238862381 1.65709003688909 4.1438429566800075 7.882659292804265 12.409814271625924 17.78336782930805 23.484235178595966 29.861248416263138 36.55442756910064 43.15227580267403 47.77334216540223 51.37879352608081 52.055143576139756 52.07105546499114 50.96736348369149 47.66065858532704 45.83168540608983 44.70710456138119 42.95323246140162 39.461481128278876 35.650217499759215 31.093515259834042 26.737492675711266 22.7856165996409 19.49572598788359 16.904053489926035 14.688174346958277 12.721890622049049 11.003977322326703 9.426274251551394 8.099794388971482 7.200063177912805 6.56101813011216 6.241489556424498 6.099583088065919 6.326710441748313 6.9251659534195555 7.786820276562405 8.88411359839226 9.589604317106419 10.238011503749444 11.311225917168045 12.541693813820427 13.336716690571484 13.899939022873916 14.042653388388848 14.103656504067446 14.013672732035296 13.935549837296048 13.9958503008449 14.05043214609013 13.780269294170493 13.342768203891083 12.739918103816981 12.010244800163537 11.240864537627049 10.612119687092042 10.186635978967278 9.82924328888394 9.282849483948368 8.720882513639824 8.128159317225279 7.710611869301111 7.457735141296789 7.2189311546042845 6.9258129737315075 6.701108618057059 6.542667621514837 6.409381831885423 6.172396862465217 6.097505416068899 6.214407042796243 6.304565709806613 6.404007548415326 6.434726158668148 6.369227795439434 6.357304814732756 6.4132023438015135 6.531256471278221 6.767391162669919 6.885538916377959 6.959919025253044 6.952769459861391 6.842882034492432 6.835490802420017 6.937821113616169 7.026505455591994 7.174220373869318 7.123023551585439 6.941220479570034 6.848673812835939 6.8165632815588 ];
Cin_vascular__1 = 0:.65392:60.81455999999999;

% JSim data: Cout_v(time) units=dimensionless;
Cout_v = [ 4.8792356392368674E-4 .004161886405199766 .01721518486738205 .050168633460998535 .12398514151573181 .28619372844696045 .6212303042411804 1.2335435152053833 2.2127187252044678 3.6075692176818848 5.424813270568848 7.643512725830078 10.220629692077637 13.074250221252441 16.065696716308594 19.005212783813477 21.691850662231445 23.96488380432129 25.728206634521484 26.96207618713379 27.73476791381836 28.170637130737305 28.369001388549805 28.349641799926758 28.071969985961914 27.494707107543945 26.62156105041504 25.51171112060547 24.261276245117188 22.970693588256836 21.716373443603516 20.538644790649414 19.446857452392578 18.434484481811523 17.494558334350586 16.62843132019043 15.844989776611328 15.1545991897583 14.565972328186035 14.08759593963623 13.729239463806152 13.49814224243164 13.389408111572266 13.381418228149414 13.447639465332031 13.572853088378906 13.751151084899902 13.969870567321777 14.201071739196777 14.409502983093262 14.567276954650879 14.663548469543457 14.704827308654785 14.70779800415039 14.686616897583008 14.642528533935547 14.564274787902832 14.4368257522583 14.250432968139648 14.006619453430176 13.719660758972168 13.411383628845215 13.09994888305664 12.791275978088379 12.481006622314453 12.16418743133545 11.843489646911621 11.528563499450684 11.228421211242676 10.94633674621582 10.681364059448242 10.431816101074219 10.195808410644531 9.971914291381836 9.76231861114502 9.573297500610352 9.410491943359375 9.273646354675293 9.155719757080078 9.047101974487305 8.941730499267578 8.840441703796387 8.74948787689209 8.6751708984375 8.61832046508789 8.572813987731934 8.528641700744629 8.477717399597168 8.41911506652832 8.35903549194336 8.30550765991211 8.261552810668945 8.221735000610352 8.176362991333008 ];
Cout_v__1 = 0:.65392:60.81455999999999;

% JSim data: Cout_e(time) units=dimensionless;
Cout_e = [ 0 0 0 0 0 0 0 0 0 0 0 0 0 0 0 0 0 0 0 0 0 0 0 0 0 0 0 0 0 0 0 0 0 0 0 0 0 0 0 0 0 0 0 0 0 0 0 0 0 0 0 0 0 0 0 0 0 0 0 0 0 0 0 0 0 0 0 0 0 0 0 0 0 0 0 0 0 0 0 0 0 0 0 0 0 0 0 0 0 0 0 0 0 0 ];
Cout_e__1 = 0:.65392:60.81455999999999;

% JSim data: Cout_p(time) units=dimensionless;
Cout_p = [ 0 0 0 0 0 0 0 0 0 0 0 0 0 0 0 0 0 0 0 0 0 0 0 0 0 0 0 0 0 0 0 0 0 0 0 0 0 0 0 0 0 0 0 0 0 0 0 0 0 0 0 0 0 0 0 0 0 0 0 0 0 0 0 0 0 0 0 0 0 0 0 0 0 0 0 0 0 0 0 0 0 0 0 0 0 0 0 0 0 0 0 0 0 0 ];
Cout_p__1 = 0:.65392:60.81455999999999;

% JSim data: if (Cout_v>Cout_e) Fp*ln(Cout_e/Cout_v)*(-1) else 0(time) units=dimensionless;
if__Cout_v_Cout_e__Fp_ln_Cout_e_Cout_v____1__else_0 = [ Infinity Infinity Infinity Infinity Infinity Infinity Infinity Infinity Infinity Infinity Infinity Infinity Infinity Infinity Infinity Infinity Infinity Infinity Infinity Infinity Infinity Infinity Infinity Infinity Infinity Infinity Infinity Infinity Infinity Infinity Infinity Infinity Infinity Infinity Infinity Infinity Infinity Infinity Infinity Infinity Infinity Infinity Infinity Infinity Infinity Infinity Infinity Infinity Infinity Infinity Infinity Infinity Infinity Infinity Infinity Infinity Infinity Infinity Infinity Infinity Infinity Infinity Infinity Infinity Infinity Infinity Infinity Infinity Infinity Infinity Infinity Infinity Infinity Infinity Infinity Infinity Infinity Infinity Infinity Infinity Infinity Infinity Infinity Infinity Infinity Infinity Infinity Infinity Infinity Infinity Infinity Infinity Infinity Infinity ];
if__Cout_v_Cout_e__Fp_ln_Cout_e_Cout_v____1__else_0__1 = 0:.65392:60.81455999999999;

% JSim data: if (Cout_v>Cout_p) Fp*ln(Cout_p/Cout_v)*(-1) else 0(time) units=dimensionless;
if__Cout_v_Cout_p__Fp_ln_Cout_p_Cout_v____1__else_0 = [ Infinity Infinity Infinity Infinity Infinity Infinity Infinity Infinity Infinity Infinity Infinity Infinity Infinity Infinity Infinity Infinity Infinity Infinity Infinity Infinity Infinity Infinity Infinity Infinity Infinity Infinity Infinity Infinity Infinity Infinity Infinity Infinity Infinity Infinity Infinity Infinity Infinity Infinity Infinity Infinity Infinity Infinity Infinity Infinity Infinity Infinity Infinity Infinity Infinity Infinity Infinity Infinity Infinity Infinity Infinity Infinity Infinity Infinity Infinity Infinity Infinity Infinity Infinity Infinity Infinity Infinity Infinity Infinity Infinity Infinity Infinity Infinity Infinity Infinity Infinity Infinity Infinity Infinity Infinity Infinity Infinity Infinity Infinity Infinity Infinity Infinity Infinity Infinity Infinity Infinity Infinity Infinity Infinity Infinity ];
if__Cout_v_Cout_p__Fp_ln_Cout_p_Cout_v____1__else_0__1 = 0:.65392:60.81455999999999;

% JSim data: e_PSg units=ml/(g*min);
e_PSg = [ .7 ];

% JSim data: p_PSg+p_PSecl units=dimensionless;
p_PSg_p_PSecl = [ 1.1 ];

