% JSim data: Cin_vascular(time) units=dimensionless;
Cin_vascular = [ .180448873294519 .3640600462298508 .7809905238862381 1.65709003688909 4.1438429566800075 7.882659292804265 12.409814271625924 17.78336782930805 23.484235178595966 29.861248416263138 36.55442756910064 43.15227580267403 47.77334216540223 51.37879352608081 52.055143576139756 52.07105546499114 50.96736348369149 47.66065858532704 45.83168540608983 44.70710456138119 42.95323246140162 39.461481128278876 35.650217499759215 31.093515259834042 26.737492675711266 22.7856165996409 19.49572598788359 16.904053489926035 14.688174346958277 12.721890622049049 11.003977322326703 9.426274251551394 8.099794388971482 7.200063177912805 6.56101813011216 6.241489556424498 6.099583088065919 6.326710441748313 6.9251659534195555 7.786820276562405 8.88411359839226 9.589604317106419 10.238011503749444 11.311225917168045 12.541693813820427 13.336716690571484 13.899939022873916 14.042653388388848 14.103656504067446 14.013672732035296 13.935549837296048 13.9958503008449 14.05043214609013 13.780269294170493 13.342768203891083 12.739918103816981 12.010244800163537 11.240864537627049 10.612119687092042 10.186635978967278 9.82924328888394 9.282849483948368 8.720882513639824 8.128159317225279 7.710611869301111 7.457735141296789 7.2189311546042845 6.9258129737315075 6.701108618057059 6.542667621514837 6.409381831885423 6.172396862465217 6.097505416068899 6.214407042796243 6.304565709806613 6.404007548415326 6.434726158668148 6.369227795439434 6.357304814732756 6.4132023438015135 6.531256471278221 6.767391162669919 6.885538916377959 6.959919025253044 6.952769459861391 6.842882034492432 6.835490802420017 6.937821113616169 7.026505455591994 7.174220373869318 7.123023551585439 6.941220479570034 6.848673812835939 6.8165632815588 ];
Cin_vascular__1 = 0:.65392:60.81455999999999;

% JSim data: Cout_v(time) units=dimensionless;
Cout_v = [ 8.35441567226583E-29 3.1694473712207127E-9 9.659711253107162E-8 1.0272747203998733E-6 6.509404556709342E-6 2.9798518880852498E-5 1.0917775216512382E-4 3.411630168557167E-4 9.479442960582674E-4 .0024033670779317617 .005638434085994959 .012331174686551094 .025252262130379677 .04860034957528114 .08826350420713425 .15192659199237823 .2489595115184784 .3901030719280243 .5868979096412659 .8508623242378235 1.1925560235977173 1.6205451488494873 2.1404316425323486 2.754220724105835 3.4600300788879395 4.252171516418457 5.121666431427002 6.056920051574707 7.044424057006836 8.069437026977539 9.116519927978516 10.1699800491333 11.21430778503418 12.23461627960205 13.217084884643555 14.149341583251953 15.020830154418945 15.823052406311035 16.54962921142578 17.196260452270508 17.760589599609375 18.241979598999023 18.641311645507812 18.960811614990234 19.203899383544922 19.375019073486328 19.47950553894043 19.52341651916504 19.513324737548828 19.456140518188477 19.35893440246582 19.228713989257812 19.072240829467773 18.895862579345703 18.70533561706543 18.50568962097168 18.301151275634766 18.095115661621094 17.890169143676758 17.688175201416016 17.490371704101562 17.29745101928711 17.109628677368164 16.926685333251953 16.748023986816406 16.572751998901367 16.399765014648438 16.227867126464844 16.05585479736328 15.882574081420898 15.706985473632812 15.528191566467285 15.345452308654785 15.158206939697266 14.966094970703125 14.768950462341309 14.566788673400879 14.359783172607422 14.148247718811035 13.932621955871582 13.71346664428711 13.491459846496582 13.267366409301758 13.042009353637695 12.816254615783691 12.590967178344727 12.366990089416504 12.145140647888184 11.92619800567627 11.710892677307129 11.49990463256836 11.293846130371094 11.093241691589355 10.898520469665527 ];
Cout_v__1 = 0:.65392:60.81455999999999;

% JSim data: Cout_e(time) units=dimensionless;
Cout_e = [ 0 0 0 0 0 0 0 0 0 0 0 0 0 0 0 0 0 0 0 0 0 0 0 0 0 0 0 0 0 0 0 0 0 0 0 0 0 0 0 0 0 0 0 0 0 0 0 0 0 0 0 0 0 0 0 0 0 0 0 0 0 0 0 0 0 0 0 0 0 0 0 0 0 0 0 0 0 0 0 0 0 0 0 0 0 0 0 0 0 0 0 0 0 0 ];
Cout_e__1 = 0:.65392:60.81455999999999;

% JSim data: Cout_p(time) units=dimensionless;
Cout_p = [ 0 0 0 0 0 0 0 0 0 0 0 0 0 0 0 0 0 0 0 0 0 0 0 0 0 0 0 0 0 0 0 0 0 0 0 0 0 0 0 0 0 0 0 0 0 0 0 0 0 0 0 0 0 0 0 0 0 0 0 0 0 0 0 0 0 0 0 0 0 0 0 0 0 0 0 0 0 0 0 0 0 0 0 0 0 0 0 0 0 0 0 0 0 0 ];
Cout_p__1 = 0:.65392:60.81455999999999;

% JSim data: if (Cout_v>Cout_e) Fp*ln(Cout_e/Cout_v)*(-1) else 0(time) units=dimensionless;
if__Cout_v_Cout_e__Fp_ln_Cout_e_Cout_v____1__else_0 = [ Infinity Infinity Infinity Infinity Infinity Infinity Infinity Infinity Infinity Infinity Infinity Infinity Infinity Infinity Infinity Infinity Infinity Infinity Infinity Infinity Infinity Infinity Infinity Infinity Infinity Infinity Infinity Infinity Infinity Infinity Infinity Infinity Infinity Infinity Infinity Infinity Infinity Infinity Infinity Infinity Infinity Infinity Infinity Infinity Infinity Infinity Infinity Infinity Infinity Infinity Infinity Infinity Infinity Infinity Infinity Infinity Infinity Infinity Infinity Infinity Infinity Infinity Infinity Infinity Infinity Infinity Infinity Infinity Infinity Infinity Infinity Infinity Infinity Infinity Infinity Infinity Infinity Infinity Infinity Infinity Infinity Infinity Infinity Infinity Infinity Infinity Infinity Infinity Infinity Infinity Infinity Infinity Infinity Infinity ];
if__Cout_v_Cout_e__Fp_ln_Cout_e_Cout_v____1__else_0__1 = 0:.65392:60.81455999999999;

% JSim data: if (Cout_v>Cout_p) Fp*ln(Cout_p/Cout_v)*(-1) else 0(time) units=dimensionless;
if__Cout_v_Cout_p__Fp_ln_Cout_p_Cout_v____1__else_0 = [ Infinity Infinity Infinity Infinity Infinity Infinity Infinity Infinity Infinity Infinity Infinity Infinity Infinity Infinity Infinity Infinity Infinity Infinity Infinity Infinity Infinity Infinity Infinity Infinity Infinity Infinity Infinity Infinity Infinity Infinity Infinity Infinity Infinity Infinity Infinity Infinity Infinity Infinity Infinity Infinity Infinity Infinity Infinity Infinity Infinity Infinity Infinity Infinity Infinity Infinity Infinity Infinity Infinity Infinity Infinity Infinity Infinity Infinity Infinity Infinity Infinity Infinity Infinity Infinity Infinity Infinity Infinity Infinity Infinity Infinity Infinity Infinity Infinity Infinity Infinity Infinity Infinity Infinity Infinity Infinity Infinity Infinity Infinity Infinity Infinity Infinity Infinity Infinity Infinity Infinity Infinity Infinity Infinity Infinity ];
if__Cout_v_Cout_p__Fp_ln_Cout_p_Cout_v____1__else_0__1 = 0:.65392:60.81455999999999;

% JSim data: e_PSg units=ml/(g*min);
e_PSg = [ .7 ];

% JSim data: p_PSg+p_PSecl units=dimensionless;
p_PSg_p_PSecl = [ 1.1 ];

